100 3000
0 2 879648
0 3 2370144
0 13 1440443
0 14 2222554
0 15 3799115
0 20 4295698
0 24 804319
0 31 2561991
0 32 3859217
0 33 2959360
0 34 1318731
0 41 3144661
0 43 3220849
0 44 2164808
0 45 261070
0 49 3239924
0 52 1135103
0 54 16325
0 59 2408829
0 63 1282352
0 64 3328933
0 67 2127528
0 68 2416489
0 70 316427
0 72 2907082
0 73 2695745
0 76 3917495
0 77 4029472
0 78 3561739
0 82 2307553
0 86 1725913
0 89 458636
0 92 4461004
1 3 3273759
1 9 2252660
1 11 231790
1 16 3156210
1 19 1473966
1 22 2139277
1 24 2893290
1 25 1168836
1 27 4453172
1 30 560491
1 32 669022
1 40 694239
1 43 314211
1 48 2538355
1 50 3223141
1 55 3631737
1 62 302787
1 65 4016594
1 70 3778859
1 79 2729595
1 82 867464
1 87 3244394
1 91 3733214
1 99 2111092
2 1 1098129
2 5 1201410
2 6 4339706
2 9 3621584
2 14 4042162
2 22 1185300
2 23 2464248
2 24 2370400
2 28 1598874
2 31 3827573
2 40 4490342
2 42 3540068
2 44 3298468
2 47 2877217
2 52 3894418
2 55 3485106
2 57 3147436
2 59 1702956
2 60 1192876
2 61 3573667
2 67 759295
2 76 4283184
2 77 102821
2 81 4400313
2 82 2334707
2 85 241938
2 86 3531135
2 90 1981455
2 93 806294
3 2 3929316
3 4 15045
3 6 3446625
3 9 3620063
3 14 2343389
3 22 1792993
3 27 2523598
3 28 1052500
3 29 4383130
3 35 2409201
3 42 3010858
3 45 1106853
3 46 3889189
3 49 1229904
3 50 1813345
3 52 2743155
3 54 3951366
3 55 4205882
3 62 498503
3 63 718715
3 72 1083148
3 75 1746693
3 78 561785
3 79 1545334
3 85 1997800
3 86 1281698
3 87 1358146
3 94 4030383
3 97 2745091
4 1 3573504
4 3 1131379
4 8 3506587
4 13 383878
4 16 4029923
4 17 82283
4 18 3674294
4 20 2160023
4 26 975302
4 27 4165350
4 34 2874119
4 42 905427
4 45 2071930
4 46 212314
4 49 829666
4 57 692918
4 58 3040082
4 60 481095
4 62 316586
4 63 2036856
4 68 4018870
4 69 1195049
4 71 1745461
4 77 4288681
4 81 2638135
4 82 2354881
4 83 1160527
4 86 913190
4 87 2975085
4 96 3700233
5 0 2284856
5 3 4389061
5 11 3420660
5 13 1879468
5 14 4247515
5 15 2670201
5 16 871592
5 21 165444
5 29 4078360
5 31 1577230
5 34 2683188
5 37 3337641
5 41 100909
5 49 583958
5 50 1513913
5 55 1835757
5 57 19855
5 59 1974757
5 62 890829
5 63 276764
5 69 2946370
5 85 1899304
5 88 17769
5 89 1855074
5 93 99301
5 96 1954609
5 97 2779539
6 3 1290734
6 16 759563
6 28 1613465
6 33 3312493
6 35 1854136
6 36 4405269
6 46 608975
6 47 4156681
6 49 4095657
6 51 2007503
6 61 659047
6 65 3843717
6 67 492271
6 73 2923094
6 75 4090212
6 80 1185394
6 88 2105883
6 90 953209
6 93 2017016
6 97 3648689
6 98 3805940
7 2 3104067
7 3 336940
7 4 2238204
7 5 2739970
7 9 4077608
7 11 3722610
7 12 4138151
7 14 1422266
7 15 3096419
7 17 4082939
7 18 174563
7 20 1995519
7 32 75353
7 34 2750118
7 39 3199410
7 47 4069640
7 48 3218684
7 50 3377629
7 58 449631
7 62 3412166
7 63 1961997
7 65 141535
7 66 2328739
7 71 3722638
7 72 1271411
7 74 1105789
7 77 1675433
7 78 1279190
7 79 1313096
7 83 4025421
7 84 4194954
7 87 1184845
7 89 3068631
7 98 3738515
7 99 637829
8 0 252617
8 13 2425945
8 16 2291625
8 21 362037
8 22 2410756
8 24 1857778
8 25 1594278
8 28 577669
8 40 2560013
8 41 4146677
8 43 2561684
8 44 4332906
8 47 1517801
8 48 1227939
8 60 4343201
8 65 2488453
8 67 634757
8 68 427331
8 76 3417795
8 78 3099794
8 80 525089
8 90 4140272
8 91 639437
8 92 1306881
8 97 4352783
8 99 3871238
9 3 2256652
9 4 4291671
9 13 798965
9 14 308480
9 18 2434891
9 19 3267105
9 20 3176783
9 25 4272148
9 26 3009134
9 28 1699456
9 51 2479720
9 53 1590276
9 60 2585952
9 64 4184136
9 67 2858724
9 69 1809727
9 74 945287
9 76 2543391
9 79 599303
9 80 3231927
9 83 417767
9 88 4436913
9 89 1155816
9 92 2981567
9 94 1364933
10 6 2951907
10 7 1348713
10 15 2825941
10 18 3224173
10 22 638432
10 25 661401
10 32 2486096
10 33 4460975
10 35 3198948
10 38 717148
10 44 2687447
10 48 3977663
10 51 462974
10 56 4110088
10 60 61157
10 62 944953
10 66 1207599
10 70 2317470
10 72 1160731
10 74 1247744
10 76 4469699
10 79 1202029
10 80 2465472
10 85 3399516
10 86 2702474
10 93 1712700
10 94 2650742
10 96 740877
10 98 2996273
11 0 1054202
11 1 3296638
11 4 3640206
11 6 3823925
11 7 3870614
11 9 4213542
11 17 3155599
11 19 1175087
11 26 1496525
11 27 3232666
11 34 4230717
11 35 887444
11 39 1155666
11 41 16510
11 47 3798531
11 49 243133
11 51 3981398
11 56 1397385
11 62 4100827
11 63 111083
11 68 1667463
11 74 1196703
11 76 4167760
11 77 2270092
11 81 3261143
11 90 1691577
11 94 3692326
11 98 2567781
12 3 3248478
12 10 2881779
12 13 759108
12 21 1105219
12 23 3292745
12 24 2931224
12 26 214991
12 32 389684
12 33 1287543
12 34 3773170
12 36 1011979
12 37 164044
12 38 752587
12 39 3063424
12 45 2764325
12 54 3539038
12 56 3348191
12 60 3653470
12 63 1056649
12 66 1378884
12 67 853932
12 69 1737056
12 73 123149
12 79 2899158
12 81 1422693
12 83 2490390
12 85 1105146
12 86 494362
12 87 4420452
12 88 1544499
12 91 845281
13 3 1189127
13 4 3061650
13 5 1132470
13 7 2739065
13 9 2695458
13 10 1009901
13 14 2060630
13 15 108020
13 17 2708495
13 20 3892298
13 23 4260133
13 24 2162576
13 30 2132048
13 33 910586
13 43 228419
13 51 1526791
13 52 1859052
13 55 3055838
13 59 1555630
13 61 2210381
13 63 2652187
13 65 3892531
13 67 1965122
13 74 1754408
13 77 1710216
13 78 3761984
13 79 910638
13 88 3827305
13 90 1826786
13 92 885678
13 94 3255781
13 97 2486925
13 99 4447472
14 0 4436535
14 1 4167865
14 4 1565011
14 11 1663873
14 16 1847621
14 17 765162
14 22 372049
14 23 4101595
14 32 3583047
14 35 1354351
14 42 3455187
14 46 1732282
14 48 367460
14 50 890637
14 54 1522650
14 55 2808517
14 56 699476
14 57 4021477
14 59 729938
14 61 4310172
14 62 3897851
14 64 3280417
14 65 2579790
14 68 791625
14 71 3795872
14 72 1735376
14 73 3583209
14 76 3040134
14 79 480881
14 80 1561111
14 81 716964
14 82 1585859
14 84 622930
14 85 2817994
14 88 2462642
14 90 3696127
14 91 536418
14 92 1888271
14 96 1784657
14 99 811449
15 8 2611410
15 10 2847799
15 11 963660
15 17 2980228
15 22 3920930
15 25 1847621
15 26 726025
15 28 4435279
15 30 850148
15 36 1587721
15 37 2919120
15 38 3030793
15 40 1319067
15 48 1268242
15 54 3886657
15 55 4161472
15 60 3219030
15 64 661308
15 68 204567
15 72 3470806
15 75 2266128
15 79 3304156
15 85 2678211
15 89 332958
15 90 1701607
15 92 1362055
15 96 489197
16 1 3969695
16 3 4071729
16 5 3127092
16 8 4054460
16 14 1469433
16 17 2501757
16 19 2411965
16 21 1976962
16 26 2173914
16 29 44229
16 33 1042599
16 35 1380728
16 43 3535639
16 44 1927453
16 46 2504833
16 52 3977005
16 56 689315
16 57 3052389
16 64 1699691
16 68 112378
16 69 1965973
16 79 172955
16 80 4083051
16 84 1144228
16 85 2604007
16 87 2442004
16 88 3878798
16 91 1111792
16 95 1775049
16 99 2524107
17 0 615353
17 1 3550283
17 10 3460326
17 29 2782433
17 34 3077753
17 42 1106661
17 44 3616759
17 46 1188438
17 49 3459963
17 50 4040797
17 53 727361
17 55 1030105
17 57 133968
17 59 974575
17 64 3802111
17 73 1207656
17 74 4057097
17 76 406183
17 80 1281840
17 86 155913
17 92 661601
17 94 1445837
17 95 3233702
17 97 2664145
17 98 177
18 7 3635836
18 12 4227312
18 17 4178336
18 20 1597401
18 22 3539083
18 28 2506847
18 34 4354612
18 37 2152097
18 41 3467374
18 42 2410310
18 44 1738371
18 45 3659945
18 46 1348933
18 48 329605
18 49 1785268
18 50 527888
18 57 3209617
18 66 3678207
18 70 760058
18 73 3261879
18 77 2402166
18 79 1215096
18 80 4468221
18 81 1940451
18 85 1237390
18 86 991426
18 88 752513
18 89 2129487
18 96 1646738
18 97 2340717
18 98 3904305
19 6 159220
19 8 3229494
19 15 3781088
19 22 812128
19 23 3161355
19 27 385247
19 29 1420150
19 34 4310262
19 37 1028713
19 38 2694625
19 39 1681893
19 40 977643
19 41 548995
19 45 1103127
19 46 4088573
19 52 710689
19 55 1958992
19 56 917917
19 57 1661469
19 61 2789193
19 63 122841
19 66 3180013
19 67 1068541
19 71 4188628
19 78 4071489
19 81 700236
19 83 1831844
19 86 4110436
19 89 165254
19 92 1646974
19 94 3562271
19 98 2038511
20 5 248186
20 9 3349004
20 10 3563763
20 11 2634500
20 18 3916121
20 19 1758672
20 21 1065568
20 28 2203950
20 35 310740
20 38 3020265
20 41 907550
20 48 1454907
20 58 215062
20 63 3123339
20 64 1609784
20 65 3301367
20 70 178120
20 75 218571
20 77 2098185
20 78 3855331
20 84 4346994
20 88 3319514
20 89 3190394
20 93 4312462
20 94 1234526
20 95 1958715
21 4 289004
21 5 1230679
21 7 3653496
21 8 971304
21 16 2315813
21 17 1424342
21 19 1481436
21 22 878670
21 24 3757472
21 31 2362672
21 37 1451895
21 38 4199050
21 40 4436065
21 50 551819
21 51 3741744
21 58 1236641
21 63 2331357
21 70 1698593
21 72 1105415
21 74 2182475
21 76 3138412
21 77 4159913
21 78 725823
21 81 4136662
21 83 3642348
21 87 468246
21 90 1978820
21 91 3423814
21 97 289392
21 98 2548385
22 0 3157344
22 3 1432118
22 4 2581838
22 6 4109475
22 15 1228869
22 16 2792303
22 17 707650
22 20 2020053
22 24 2375291
22 25 2640839
22 26 1109310
22 29 801086
22 40 2928269
22 42 4466416
22 43 4289925
22 44 4271033
22 45 3737403
22 52 4361203
22 55 2013870
22 59 2765114
22 61 3927350
22 65 856575
22 79 640557
22 80 3440794
22 83 4148372
22 84 3847959
22 91 3263151
22 96 1289630
22 97 2934017
23 0 3501147
23 1 2371756
23 2 1317752
23 8 1537999
23 10 1391630
23 11 1313234
23 13 3254914
23 19 2408996
23 26 1161868
23 41 1026461
23 46 937137
23 49 3498866
23 51 491306
23 57 523161
23 65 1461669
23 66 4316925
23 69 3555374
23 71 452927
23 72 3250819
23 74 1603744
23 81 4114610
23 87 2574152
23 89 1104083
23 91 3638625
23 92 3400293
23 96 3681652
23 99 93588
24 0 3237942
24 1 1653295
24 9 2949465
24 10 4338334
24 15 2479536
24 17 201458
24 18 156669
24 28 3785236
24 31 324908
24 33 3456344
24 34 1311737
24 35 2550449
24 39 686377
24 41 2369821
24 43 2429060
24 44 887508
24 46 1938500
24 54 3472184
24 55 1461220
24 58 1638521
24 61 2431115
24 68 3812424
24 71 1094048
24 73 3711712
24 78 1576843
24 80 3369523
24 84 2141080
24 85 864615
24 92 2602724
24 99 3050636
25 0 1374160
25 3 1390402
25 4 1853009
25 6 2863396
25 8 1313645
25 9 171897
25 11 331875
25 12 3756653
25 18 2593722
25 22 1946622
25 26 2557859
25 27 1559465
25 30 1325516
25 35 3187513
25 36 1935126
25 39 2154065
25 42 2175476
25 46 357473
25 48 4457699
25 52 516108
25 53 2161728
25 55 2991722
25 57 2428891
25 60 1498058
25 65 823070
25 78 2019463
25 80 2301001
25 84 3309101
25 86 1776700
25 87 3841738
25 89 712244
25 90 417164
25 91 2681957
25 93 3151145
26 0 711980
26 7 3559206
26 14 18971
26 18 1987824
26 21 3466736
26 25 3296111
26 30 2339890
26 32 1576852
26 36 611937
26 39 223677
26 41 2416818
26 45 3061641
26 49 3231304
26 50 1418015
26 52 791272
26 65 1469501
26 82 4335402
26 83 1243335
26 88 2639447
26 89 3365353
26 92 3961231
26 93 357206
26 94 3782194
27 2 112883
27 3 3516
27 7 3540514
27 11 3479911
27 16 2705041
27 19 3451845
27 20 2022912
27 21 523791
27 29 3309420
27 33 2429264
27 36 2756652
27 40 2544490
27 42 3383941
27 43 1209781
27 49 272400
27 53 3961203
27 55 1923041
27 63 740151
27 67 3593863
27 78 1764304
27 81 830497
27 83 3930609
27 85 1391371
27 87 3358276
27 97 776774
27 98 327095
27 99 1931387
28 5 3587116
28 8 4475291
28 18 3480702
28 24 2653226
28 26 2791996
28 27 2784433
28 29 2790829
28 32 879608
28 34 2342852
28 47 2077875
28 50 3821901
28 52 1341776
28 58 2522261
28 60 1518977
28 64 895547
28 67 872547
28 69 1852775
28 73 217793
28 75 3757690
28 76 1224126
28 81 1730012
28 83 1199075
28 84 2740415
28 85 2180381
28 95 357989
28 96 3718686
29 4 1648400
29 8 1806722
29 10 3477772
29 11 2695897
29 12 2798466
29 14 102446
29 16 3907881
29 18 2295651
29 20 2050853
29 22 925226
29 24 2736216
29 26 814997
29 28 4301349
29 33 772773
29 36 2221821
29 43 3997863
29 48 608199
29 51 1850840
29 52 3602923
29 56 3003193
29 62 3078006
29 67 2205155
29 69 1942827
29 70 1410531
29 77 188920
29 88 18134
29 96 3936083
29 98 154274
30 7 2765095
30 14 1810846
30 17 4059981
30 18 580128
30 20 512181
30 24 2266186
30 28 1629503
30 32 2657445
30 33 3378719
30 34 1642307
30 38 3406929
30 39 841208
30 40 696823
30 43 2465751
30 44 2023329
30 46 2555513
30 47 3130911
30 51 1248023
30 52 3742575
30 55 3628258
30 58 2053808
30 75 155711
30 78 3768309
30 82 3933818
30 84 1763675
30 87 188325
30 91 2253900
30 93 2641735
30 97 2927050
31 0 4129058
31 10 3767321
31 11 1488883
31 12 2804348
31 23 867390
31 24 3319262
31 25 3410109
31 29 4106636
31 33 2778957
31 37 372491
31 38 2238855
31 43 590553
31 45 3941681
31 49 318999
31 50 4185361
31 53 3599344
31 57 1962725
31 59 3710048
31 61 23748
31 62 1623078
31 65 3981399
31 67 1028552
31 68 1680202
31 69 1186785
31 70 855825
31 71 1801668
31 75 3919819
31 78 3335184
31 80 4476508
31 81 3354971
31 84 338972
31 92 2594282
31 94 3714747
32 1 2995591
32 2 2763728
32 5 1240577
32 7 3523669
32 9 3910246
32 10 1319842
32 12 1140090
32 15 1207774
32 16 863390
32 17 1320133
32 18 32342
32 20 65939
32 24 2024262
32 25 1523861
32 30 4152350
32 37 2539405
32 38 891740
32 45 730114
32 48 3465809
32 49 153609
32 53 3799994
32 55 4406030
32 62 386747
32 65 497864
32 67 1298478
32 69 3690696
32 71 109338
32 75 897285
32 81 2344674
32 82 21688
32 86 3552469
32 95 4213291
32 99 2439709
33 2 3661745
33 7 3976824
33 8 618197
33 11 2109923
33 14 4073428
33 16 3031215
33 20 3238677
33 26 4498678
33 27 993046
33 28 1553857
33 32 3967892
33 38 358109
33 46 828846
33 47 576405
33 54 2058289
33 55 1606280
33 61 3500092
33 66 1559793
33 71 469043
33 73 1626479
33 77 2046311
33 81 2962055
33 85 1475205
33 87 455861
33 89 2820156
33 91 1642137
33 93 4168537
33 97 2199065
33 99 1701335
34 3 4498678
34 4 352095
34 5 1490201
34 12 3854573
34 14 1892468
34 21 2016226
34 25 234523
34 31 1610119
34 35 2708873
34 38 2412496
34 40 211736
34 42 4230713
34 43 3805104
34 46 2468655
34 48 1556295
34 49 2238194
34 50 819522
34 51 1529924
34 56 2328740
34 60 4297185
34 64 1432179
34 69 1931984
34 79 219883
34 84 3743427
34 85 2751890
34 87 3302391
35 0 54589
35 1 3517199
35 3 1000340
35 6 1336779
35 9 470033
35 10 3789559
35 11 1455591
35 13 3973647
35 14 489241
35 15 499315
35 16 2971942
35 20 2513837
35 22 4441415
35 24 3453638
35 29 2437441
35 34 652848
35 39 1347620
35 40 212934
35 44 2807511
35 46 2791470
35 48 2117115
35 51 2578762
35 54 3634358
35 56 938369
35 61 2456873
35 64 1828479
35 69 3897883
35 70 2728244
35 81 1606172
35 82 345606
35 83 4344605
35 85 388470
35 86 4483626
35 94 3554182
36 2 1519868
36 5 3380590
36 6 3853928
36 7 2351988
36 10 3463465
36 16 3704854
36 17 2292563
36 21 4076877
36 24 99325
36 31 1180965
36 35 3461159
36 37 4459893
36 41 2959591
36 42 511937
36 44 1934607
36 46 3613762
36 48 1149110
36 53 286007
36 58 2532572
36 60 3842189
36 72 1677183
36 73 291857
36 75 949856
36 81 4429623
36 82 3536425
36 84 3810820
36 90 2078264
36 95 1064390
37 7 2224708
37 9 1752983
37 10 2674329
37 11 1529464
37 16 1966107
37 19 1437159
37 21 2580420
37 22 2868181
37 23 2683879
37 24 3567577
37 30 2472200
37 31 620113
37 33 2211910
37 34 1028510
37 35 921866
37 60 3512945
37 61 1496108
37 63 2942109
37 65 4465560
37 66 2833560
37 73 3155473
37 74 1046441
37 76 938904
37 77 1561737
37 79 2071806
37 81 887888
37 87 112804
37 88 4334572
37 89 3858915
37 91 2038850
38 2 1899998
38 6 306344
38 7 1500242
38 10 1901512
38 12 2710735
38 14 355232
38 15 2849388
38 18 1028654
38 21 2790808
38 25 4385936
38 31 651767
38 36 3089658
38 43 3471385
38 45 4268655
38 50 132393
38 59 3147924
38 73 363160
38 77 1817759
38 79 91509
38 83 1802393
38 86 3625408
38 90 1012646
38 91 495082
38 92 1234516
38 96 3548908
39 7 1271995
39 10 914463
39 11 3272149
39 17 2076580
39 18 3384255
39 19 988142
39 22 63347
39 26 3860312
39 34 2544615
39 35 2004145
39 36 822457
39 37 3125618
39 46 854201
39 47 2725432
39 49 1892218
39 51 2757999
39 61 3962200
39 69 3369049
39 70 2578969
39 75 1649705
39 77 2517252
39 83 862680
39 84 183508
39 85 4154917
39 86 2856690
39 91 3445166
39 95 1010596
40 13 1688437
40 18 1197888
40 19 437995
40 21 302189
40 24 1747857
40 27 3506422
40 31 626718
40 33 392291
40 36 4432497
40 37 4420860
40 44 953930
40 45 2479683
40 47 1326598
40 50 726955
40 51 802341
40 53 2008544
40 54 191850
40 57 2459129
40 59 1427413
40 62 78236
40 64 1858964
40 65 1335657
40 71 2040209
40 72 2944385
40 73 4167758
40 80 1386517
40 82 3914974
40 85 4315121
40 95 1860526
40 99 1166269
41 1 2341226
41 6 2450171
41 12 1561339
41 14 3422980
41 16 4269289
41 20 1587266
41 22 3949931
41 26 3854425
41 29 3337555
41 30 1531380
41 31 3148869
41 33 2093875
41 36 2467268
41 40 2625424
41 48 1938240
41 50 2023966
41 54 3454184
41 59 314092
41 62 606752
41 63 4183040
41 70 3107810
41 71 338214
41 73 3796963
41 74 322761
41 75 374875
41 87 4432246
41 88 1134511
41 92 3320070
41 94 1839671
41 96 1090251
41 97 796060
42 1 3208425
42 6 1921392
42 7 2986310
42 8 591935
42 16 3813829
42 19 2137394
42 21 4331676
42 22 250022
42 23 3532010
42 28 3949354
42 33 3849163
42 35 2171972
42 36 3846512
42 39 3049620
42 44 2927041
42 49 4274913
42 50 3220682
42 59 3686307
42 60 2704265
42 61 2048728
42 62 37677
42 68 3785372
42 70 3429451
42 76 3685685
42 80 2113067
42 81 172979
42 84 1633496
42 86 2150418
42 87 1164257
42 88 3079368
42 92 489675
42 94 2340712
42 95 3305448
42 96 1601928
43 4 2475246
43 6 3987612
43 7 2814555
43 11 4300824
43 12 122775
43 16 1172494
43 21 1034347
43 24 16765
43 26 1651410
43 30 3216601
43 31 1197189
43 32 297973
43 34 2956758
43 35 4124556
43 52 4163394
43 55 3319423
43 58 3316131
43 59 2225863
43 61 2501346
43 62 3073831
43 63 4012840
43 67 3952661
43 74 4485385
43 75 3262410
43 76 2842436
43 79 2715973
43 83 4055012
43 85 1852779
43 86 990358
43 89 1564815
43 93 3093305
43 97 2258203
44 0 734226
44 1 2661105
44 4 626470
44 10 2480031
44 12 3059452
44 13 2225581
44 17 2119177
44 25 3156531
44 26 2280851
44 29 3731040
44 32 1869971
44 34 3300566
44 35 2141533
44 43 1253625
44 45 4455289
44 48 2070238
44 50 4141089
44 52 3353695
44 54 208827
44 56 4478005
44 57 2524497
44 60 2054526
44 61 3827692
44 62 386440
44 64 9266
44 67 1390473
44 68 3639853
44 75 3546076
44 78 2509230
44 80 4249862
44 86 4443268
44 88 3166408
44 89 2956183
44 90 3071939
44 94 799677
44 95 2190415
44 97 1572567
44 98 3042075
44 99 2450058
45 1 3474256
45 3 1133376
45 4 2970150
45 6 483165
45 7 621679
45 8 1561263
45 14 622245
45 17 2187066
45 26 2820556
45 28 2976663
45 31 2166382
45 32 1351635
45 33 2484822
45 36 2019292
45 38 2568028
45 40 2082712
45 48 2402005
45 58 3648432
45 60 1742662
45 63 1076154
45 66 4488329
45 70 1363810
45 75 2347256
45 80 1917778
45 82 1587578
45 83 3676320
45 91 1733829
45 92 1682373
45 95 991049
45 96 1166479
45 98 803505
46 0 1043408
46 4 3151106
46 9 4345755
46 12 4028411
46 14 2884049
46 15 2667037
46 17 549618
46 25 2046233
46 28 610483
46 30 1198335
46 33 3806171
46 34 1888570
46 43 3480515
46 51 4079626
46 52 1393129
46 57 4451614
46 59 3628055
46 64 1620002
46 65 1372588
46 73 382977
46 76 397707
46 80 3208304
46 81 1291333
46 83 1384001
46 85 517062
46 86 4428798
46 89 1730814
46 96 2482346
47 9 2732436
47 17 1641044
47 20 1088908
47 23 2336839
47 26 3344254
47 30 1774574
47 31 2491022
47 32 4433347
47 34 2718801
47 38 2340611
47 42 3089541
47 44 238441
47 49 73186
47 55 239166
47 60 1234495
47 64 1625566
47 68 3705035
47 69 333400
47 71 1754574
47 72 357169
47 75 4374780
47 76 1319164
47 79 614670
47 80 868821
47 87 1027843
47 90 2658456
47 94 3824857
47 96 4118564
47 98 2118944
48 7 3377046
48 11 3559646
48 14 2405211
48 17 521762
48 18 2794517
48 20 3451747
48 21 1939707
48 22 1731430
48 23 3957428
48 24 3857005
48 30 3228071
48 34 3960364
48 41 28351
48 44 620215
48 58 2123429
48 61 1800119
48 63 1011509
48 64 1415413
48 65 3058876
48 67 1813713
48 73 2822649
48 79 2622990
48 81 1935893
48 85 4388104
48 86 3286209
48 87 4300146
48 89 1853839
48 90 472156
48 91 382730
48 96 3417831
48 97 2972068
48 99 1825761
49 1 1432309
49 5 1127531
49 13 809752
49 14 3203121
49 17 3588684
49 19 1119166
49 20 2011412
49 21 4459894
49 24 1014837
49 26 2490800
49 27 1487480
49 31 2593681
49 32 1937282
49 35 1110461
49 36 2166939
49 38 1410517
49 39 805863
49 40 3854154
49 41 1477303
49 42 2631367
49 43 1885709
49 48 1272685
49 50 1014038
49 53 341753
49 55 3869311
49 59 2713158
49 61 1222045
49 65 3388482
49 68 1503793
49 70 2219923
49 72 4126274
49 83 3749855
49 87 575362
49 88 867185
49 94 1845506
49 95 2433965
49 96 2673195
49 99 2092193
50 4 189097
50 6 764770
50 11 2349842
50 12 3504976
50 13 2668525
50 15 3880610
50 17 3974040
50 20 1455827
50 24 3295373
50 31 3965436
50 36 25329
50 42 4229838
50 43 1896431
50 45 2806119
50 54 3701254
50 62 2758346
50 63 3996716
50 66 1839016
50 67 2289428
50 70 1698573
50 71 610817
50 72 283549
50 74 2597746
50 79 3921994
50 80 3849434
50 84 30508
50 86 512947
50 89 24612
50 90 3949412
50 91 1254669
50 92 1862302
50 93 2102652
50 98 1229136
51 0 3512913
51 3 2403961
51 4 3466505
51 7 2872246
51 10 932735
51 11 3975805
51 12 2929121
51 15 2095828
51 19 2895570
51 22 169269
51 24 1612991
51 27 4320598
51 29 2613915
51 32 2113850
51 37 1127554
51 39 1627822
51 46 4371415
51 47 381144
51 48 3714602
51 52 1727463
51 53 4338293
51 56 778340
51 59 1467107
51 60 800154
51 62 3237514
51 64 1522536
51 72 2375569
51 73 2394335
51 83 4447805
51 86 2928141
51 88 3697484
51 89 2157595
51 92 572562
51 95 627817
51 97 219243
52 0 234765
52 3 665687
52 5 2841398
52 8 2683080
52 12 1911055
52 15 231841
52 16 3634498
52 17 1218402
52 18 1945364
52 19 2542422
52 27 760121
52 29 3342954
52 31 1428742
52 32 3116504
52 34 166651
52 40 2848460
52 42 4085219
52 43 1638312
52 48 1937255
52 50 3698734
52 54 93711
52 58 378585
52 60 2607674
52 71 3843527
52 73 2343539
52 75 2708721
52 76 3957113
52 77 2848642
52 78 1930523
52 79 1162725
52 81 18082
52 82 1637559
52 84 3054065
52 86 2389034
52 87 287996
52 88 1715999
52 96 3492345
53 1 1401034
53 4 1668939
53 6 2176413
53 9 2769540
53 13 2542901
53 14 4000125
53 15 4201188
53 18 2591029
53 21 4220620
53 26 1904079
53 27 815242
53 28 753029
53 33 334842
53 34 2862195
53 35 2152154
53 38 1157038
53 40 1246288
53 41 372662
53 43 2805251
53 46 3578519
53 47 3859794
53 48 4282363
53 49 2468525
53 57 2351520
53 59 2130363
53 61 10144
53 64 2758929
53 65 3808021
53 66 4351530
53 67 3263345
53 70 431453
53 71 3014950
53 73 4406464
53 77 4475069
53 82 441790
53 85 3809445
53 86 1222321
53 87 626444
53 89 2494549
53 90 2461501
53 93 2593069
53 95 1200422
53 99 3756856
54 4 2061638
54 5 957829
54 6 561941
54 13 3646423
54 14 4212356
54 15 3473475
54 24 454114
54 30 2247885
54 38 511718
54 40 223151
54 44 1773137
54 50 3298191
54 51 3044417
54 55 2301381
54 57 3250579
54 61 2523381
54 65 3553207
54 74 2225307
54 88 683584
54 90 385485
54 93 2403457
54 95 1205692
54 98 3192550
55 2 3300428
55 3 1102709
55 5 1107684
55 12 2058855
55 15 136154
55 18 527157
55 22 2041828
55 24 3473506
55 32 2537191
55 33 966972
55 40 967047
55 44 992557
55 46 890878
55 47 4320845
55 50 4489591
55 51 3768458
55 56 211099
55 68 1561119
55 76 78910
55 77 2935562
55 81 1558328
55 82 582510
55 83 2581444
55 85 4316135
55 87 3138051
55 88 1688916
55 92 171192
55 94 3881796
55 95 4389159
55 96 3391261
55 97 3441182
56 1 3441796
56 5 3867815
56 13 1623976
56 14 883987
56 28 2402660
56 29 3820698
56 31 3458130
56 32 3008384
56 37 473345
56 38 1868594
56 42 818946
56 45 1507315
56 49 1303619
56 50 220947
56 51 3482738
56 55 885792
56 58 2225906
56 59 2745836
56 60 979470
56 67 2363514
56 68 4099002
56 78 2462869
56 82 1977725
56 85 2390481
56 92 1949591
56 96 2219782
56 98 4034349
57 1 12839
57 6 1902654
57 7 1692761
57 10 865528
57 11 128496
57 13 888805
57 16 3333839
57 21 2820030
57 25 1246145
57 36 1427083
57 41 1247197
57 49 2559459
57 56 3624179
57 58 1484590
57 59 349801
57 60 1945736
57 64 4042140
57 70 725219
57 72 662087
57 73 2580776
57 78 403371
57 80 1866789
57 82 1239107
57 86 4197081
57 91 2670845
57 93 1662539
57 96 706463
57 97 664009
58 3 3315367
58 5 2326844
58 10 3277715
58 11 4198453
58 12 4311027
58 21 3017092
58 25 1611360
58 26 922692
58 28 2698165
58 30 4118170
58 32 3493362
58 34 6814
58 37 3171769
58 39 2857801
58 41 2658838
58 45 1499931
58 47 357636
58 49 4369803
58 50 3781658
58 51 2875421
58 54 3558585
58 57 3029819
58 59 1526709
58 60 2962175
58 65 3400458
58 69 2567026
58 71 94524
58 75 3148765
58 78 3107278
58 79 1098356
58 85 260105
58 86 3742146
58 88 3226805
58 91 3997377
58 93 2071822
58 94 1696014
58 95 1552864
59 4 4311140
59 5 3393062
59 13 1381486
59 20 2911383
59 22 214037
59 24 117488
59 25 4200400
59 27 1884898
59 36 2494354
59 37 2260333
59 39 2664142
59 41 3423404
59 46 3580819
59 48 1833944
59 56 491572
59 58 432904
59 64 1919018
59 66 88013
59 72 629208
59 85 3655589
59 89 1815410
59 91 3449880
59 93 2024790
59 99 2793347
60 1 2708039
60 3 2410488
60 5 2896845
60 6 1526813
60 9 3839262
60 10 1672717
60 16 1024087
60 17 3219006
60 18 1577125
60 24 3322936
60 26 1891870
60 30 2014915
60 34 2156372
60 37 1740293
60 38 1343368
60 41 1604784
60 45 866680
60 53 4103735
60 55 4369776
60 57 802467
60 58 2288946
60 59 1268549
60 68 2833866
60 70 521958
60 72 1122273
60 73 2983914
60 75 4482118
60 77 3116319
60 79 4401239
60 89 3965195
60 99 4409625
61 1 2704116
61 3 3268052
61 4 1138084
61 5 149490
61 6 1465113
61 15 1007238
61 20 4416483
61 21 4073901
61 22 3438260
61 27 1571041
61 29 3232522
61 30 2508953
61 34 4384256
61 40 58395
61 41 1560403
61 44 2228207
61 46 3611187
61 49 1862731
61 55 134833
61 60 2348987
61 62 3063749
61 72 1675892
61 75 1656462
61 76 587933
61 78 4107852
61 82 578191
61 87 460569
61 92 1405264
61 95 2408069
61 97 3241657
61 98 1255319
61 99 3724381
62 0 3187174
62 4 2397606
62 7 2498983
62 9 1895007
62 12 2342504
62 14 3753733
62 18 2524068
62 22 1524838
62 32 3435221
62 34 1913702
62 38 2154431
62 41 1028789
62 50 1836934
62 55 1146668
62 56 2684101
62 58 3444979
62 66 2410
62 71 3793823
62 72 3830166
62 73 791123
62 74 300188
62 77 2213016
62 91 354326
62 96 1049697
63 1 865600
63 9 3290564
63 24 404799
63 26 3873353
63 29 2941838
63 31 3008908
63 33 4202660
63 35 3997035
63 39 2516439
63 43 2725976
63 46 2511632
63 48 4323168
63 49 541234
63 52 3959896
63 55 4274192
63 59 1438041
63 65 3986200
63 71 924854
63 80 779363
63 87 1220613
63 89 3457622
63 91 2079047
63 95 2933276
64 0 2693968
64 1 4130747
64 3 3543452
64 11 4466024
64 14 527104
64 15 557530
64 23 66098
64 28 1699890
64 31 752386
64 35 3134467
64 37 1167769
64 38 2400028
64 41 428460
64 42 961832
64 46 3040346
64 51 1294367
64 55 3597261
64 60 501436
64 62 3383098
64 68 3533617
64 69 3026124
64 70 2112087
64 73 2921782
64 76 1754975
64 79 783743
64 81 2978663
64 83 4236551
64 85 664382
64 89 2271342
64 90 4149823
64 91 3011899
64 93 2611253
64 94 1761548
64 97 1393610
64 98 8258
65 3 1914357
65 12 1597361
65 14 842400
65 24 2294938
65 31 848455
65 34 2434789
65 36 4490175
65 38 3603499
65 43 3494347
65 50 2008101
65 51 2012974
65 53 2188383
65 54 597168
65 56 482583
65 57 206665
65 63 2929811
65 70 2677690
65 75 3182046
65 78 2116596
65 80 264731
65 84 463363
65 86 3291288
65 88 293762
65 91 466239
65 95 1196916
65 96 316910
65 99 1539918
66 0 3723370
66 2 1776148
66 3 1015674
66 6 3812895
66 7 743488
66 9 1263561
66 11 2606208
66 24 2237771
66 29 3263762
66 32 3660231
66 37 3248586
66 40 3412531
66 41 2856143
66 51 3667501
66 52 2641717
66 56 2797725
66 61 3262162
66 67 4241258
66 70 2587417
66 73 3789239
66 75 3963514
66 81 2098861
66 82 985932
66 85 281303
66 90 2142097
66 91 1901789
66 93 2412474
66 94 1594694
66 96 3756660
66 98 1341068
67 0 819008
67 3 969841
67 5 2617664
67 7 1022748
67 13 3955889
67 17 913528
67 19 1134206
67 22 4158256
67 26 1120559
67 38 3589200
67 46 499152
67 47 3131886
67 48 1178685
67 49 1490448
67 53 2789615
67 54 2524271
67 55 4234037
67 56 1030009
67 58 2339830
67 60 3428026
67 61 4057589
67 66 365339
67 74 3470049
67 76 1380143
67 80 2027283
67 83 1007129
67 84 1717404
67 85 4492911
67 87 612535
67 93 2338932
67 94 2957191
67 96 1596738
67 97 1094314
68 1 1967918
68 8 1972447
68 12 1392452
68 23 4096179
68 27 4241962
68 28 1951106
68 30 2172670
68 38 2451200
68 42 417944
68 46 2478662
68 47 3556056
68 60 2292396
68 62 3353218
68 66 4379293
68 70 1419130
68 75 471951
68 76 3132887
68 79 1669581
68 80 3213300
68 83 3948589
68 85 331151
68 88 4331457
68 91 823933
68 94 2909912
68 95 4314419
68 97 589635
68 98 1750513
68 99 4461009
69 2 2978722
69 3 1249515
69 4 4161289
69 12 2627374
69 15 3951505
69 19 847914
69 30 2880057
69 32 2435496
69 33 3715666
69 36 3802171
69 44 2133074
69 45 3596005
69 48 2299920
69 53 4495918
69 56 2021651
69 62 3911388
69 64 4024229
69 65 4105858
69 70 1759789
69 71 1737747
69 72 530614
69 74 3942226
69 75 1151704
69 76 1107609
69 77 4425245
69 78 2783871
69 83 2447106
69 84 438115
69 85 325727
69 87 1163560
69 94 2667714
69 99 1885123
70 1 3645838
70 2 4289906
70 4 123808
70 8 1635586
70 10 2251706
70 11 3650721
70 12 3356726
70 13 809826
70 14 3759499
70 16 213385
70 22 2537963
70 23 3289564
70 24 530601
70 30 2829018
70 33 1610521
70 35 242243
70 39 2538665
70 41 3939328
70 42 799526
70 43 2784807
70 50 2674618
70 51 30093
70 54 1986107
70 56 3866353
70 59 3950534
70 60 2623239
70 66 681962
70 78 2681023
70 79 1356303
70 86 1155845
70 87 3907305
70 88 1847736
70 89 3492624
70 90 3875831
70 94 4343015
70 97 3765810
70 98 1054056
71 2 60928
71 7 599466
71 10 1439927
71 15 3250153
71 16 215886
71 17 1844601
71 23 187157
71 24 318944
71 28 2209278
71 40 2435740
71 41 2268307
71 45 123192
71 49 3510345
71 53 4183909
71 54 669759
71 58 2017678
71 61 3977405
71 66 3128740
71 76 3100860
71 79 2610837
71 85 2284636
71 87 4155270
71 91 2017954
71 92 3750516
71 94 1851585
71 98 847856
72 1 2282889
72 2 4085472
72 3 1373723
72 4 2487814
72 5 3325188
72 8 890108
72 9 331955
72 13 1607506
72 15 826340
72 18 14112
72 20 59218
72 21 769884
72 22 487588
72 24 1850239
72 31 419194
72 34 483643
72 35 438096
72 38 3915628
72 42 2439118
72 43 2591746
72 47 2973028
72 51 2472748
72 54 3827839
72 56 3902890
72 59 4355807
72 65 591581
72 67 2519594
72 69 1881762
72 70 1816427
72 73 2938400
72 83 4129680
72 88 3686111
72 89 4462864
72 92 1787404
72 95 969506
73 0 323319
73 1 2929276
73 5 751352
73 9 2510738
73 10 1524155
73 16 633057
73 32 2985927
73 34 2722513
73 37 2186904
73 40 911022
73 41 4252744
73 45 1342219
73 50 891217
73 51 4053118
73 52 3625583
73 56 1013647
73 57 1607921
73 59 3931065
73 60 1125397
73 66 4387975
73 67 2363102
73 70 3336706
73 72 252059
73 74 3571931
73 76 2147936
73 78 1579484
73 88 2819453
73 93 4324894
73 95 2050501
73 98 2667779
74 5 1221166
74 6 1781315
74 7 3614650
74 9 2519994
74 17 3537274
74 21 4360831
74 24 4403363
74 25 3584888
74 26 1098708
74 32 4065522
74 36 3749701
74 40 2360617
74 43 2214574
74 45 519960
74 46 3027947
74 51 1042501
74 55 2241392
74 60 2736005
74 62 3341818
74 65 40054
74 83 994932
74 88 1558976
74 89 2118488
74 92 3370702
74 95 11409
74 98 4094041
74 99 3232019
75 1 515920
75 5 3054629
75 8 2209975
75 10 3498468
75 13 843108
75 17 360514
75 24 4415775
75 25 3536868
75 32 1165152
75 39 1644674
75 41 1077388
75 47 4343540
75 48 14466
75 49 2765661
75 50 3702347
75 53 3387647
75 54 2710438
75 59 200757
75 60 1080237
75 64 4173458
75 66 4317179
75 67 3877810
75 69 3800410
75 70 588427
75 71 1832026
75 73 1979658
75 74 1687192
75 82 1999969
75 85 3421044
75 87 106443
75 90 212966
75 91 294432
75 92 2431994
75 95 3222493
75 97 451430
76 2 2346900
76 3 3934943
76 7 2735694
76 10 3377507
76 11 1140700
76 14 3516965
76 15 3678281
76 18 2934862
76 20 526408
76 24 1137562
76 26 2935323
76 29 3011583
76 31 2056641
76 39 2429078
76 43 228609
76 46 367909
76 51 2315608
76 54 1023413
76 55 487489
76 57 1032260
76 62 1857731
76 66 913516
76 67 4450752
76 72 2482042
76 83 2364177
76 84 4498200
76 85 2714382
76 91 1129923
76 96 1036032
76 97 4353070
77 1 1274754
77 3 188137
77 9 2368605
77 10 4147990
77 19 1976066
77 20 4216932
77 26 1960166
77 29 813422
77 32 590870
77 33 3277526
77 40 2434862
77 47 2454439
77 49 2716978
77 60 1286195
77 62 3703406
77 64 3775511
77 65 1481907
77 68 4217103
77 71 2215455
77 74 434325
77 79 305158
77 81 3465909
77 88 4040446
77 90 2848231
77 94 687440
77 96 1757598
78 4 1869269
78 8 2887248
78 9 3720647
78 11 2926974
78 12 3607453
78 13 3982883
78 17 2051882
78 20 439905
78 21 1548972
78 25 1112975
78 28 1574503
78 30 509505
78 31 916176
78 36 4466021
78 37 3197549
78 40 3447451
78 44 3821627
78 47 913101
78 48 1311664
78 50 3113000
78 54 1220522
78 65 371405
78 67 2770973
78 72 2945415
78 74 1639236
78 79 3504281
78 80 1070455
78 87 1132145
78 96 493558
78 98 247490
78 99 432731
79 5 2309275
79 7 1951939
79 9 3455340
79 10 99186
79 18 1450850
79 26 2546088
79 27 4186902
79 34 2537854
79 38 2950237
79 40 723152
79 41 3809091
79 43 4372712
79 45 1527963
79 50 1243627
79 52 4115832
79 54 541557
79 57 581127
79 58 2672334
79 59 2275078
79 60 1704972
79 62 4144757
79 63 2573174
79 64 3128401
79 65 142478
79 74 907230
79 75 3989198
79 81 1598686
79 83 3409267
79 87 2224313
79 95 2518012
80 5 397727
80 7 2642199
80 8 3501450
80 9 2778363
80 10 2434844
80 12 2745947
80 15 1272903
80 16 3788119
80 20 202649
80 24 4240587
80 25 2237019
80 36 3168009
80 55 1282075
80 56 1384868
80 73 1522680
80 76 1874427
80 82 1614889
80 83 1259101
80 86 2425657
80 89 2906151
80 98 3304306
81 1 4387587
81 3 1322401
81 4 373576
81 5 2602620
81 6 2768313
81 7 1148022
81 9 380235
81 17 627726
81 23 4217126
81 27 4307589
81 29 306511
81 34 3670618
81 36 1008942
81 46 3333880
81 48 1370665
81 51 1667918
81 56 2434458
81 58 175695
81 59 2702771
81 65 3459129
81 66 3655039
81 67 497727
81 68 2973293
81 71 2263334
81 73 671302
81 74 1006118
81 76 3297155
81 78 3635154
81 84 1798039
81 85 862937
81 88 730613
81 96 1711892
81 97 3394847
82 0 1264146
82 5 3898444
82 11 2626587
82 19 2289198
82 24 1670540
82 27 898030
82 29 870485
82 31 3899612
82 32 1653452
82 34 3153679
82 35 3920518
82 38 4412811
82 47 4412402
82 48 2802413
82 49 4383042
82 51 3415156
82 55 4002901
82 61 4441288
82 63 1806707
82 64 3207866
82 66 28073
82 67 4234667
82 74 2838795
82 89 3982472
82 91 194264
82 92 3387905
82 93 3109230
82 95 1732079
83 1 2573375
83 5 2334513
83 6 1513965
83 8 737852
83 12 512396
83 15 705037
83 17 1049458
83 25 2236308
83 27 1504823
83 28 2340091
83 31 2082644
83 32 3134395
83 33 643728
83 34 249254
83 35 2902875
83 36 3799738
83 37 4091740
83 40 4176410
83 41 2780049
83 48 1958857
83 56 639888
83 57 732680
83 58 3724204
83 59 3905083
83 63 2273381
83 68 2681868
83 72 543948
83 78 3786365
83 80 4487192
83 88 2456544
83 89 1199415
83 90 947239
83 91 1091031
83 94 3973374
83 96 2010948
84 0 3453692
84 1 1586160
84 4 3523941
84 7 892201
84 10 1662216
84 11 2640850
84 13 4340943
84 16 1885706
84 17 965397
84 18 3909184
84 25 2884391
84 26 2574369
84 44 3149123
84 46 2163319
84 49 1053983
84 51 1118916
84 52 4108276
84 58 862529
84 60 2773300
84 62 2011204
84 63 925916
84 66 2907329
84 70 1571961
84 71 807998
84 74 2460789
84 82 684945
84 93 1553631
84 99 1857934
85 1 804100
85 2 1923859
85 3 3809536
85 4 4232975
85 5 1036343
85 7 1216000
85 8 3288440
85 9 4434692
85 12 712615
85 15 876448
85 19 1989292
85 24 3931680
85 31 269285
85 42 586161
85 43 680679
85 44 4008723
85 47 801989
85 49 1481200
85 53 865444
85 60 729679
85 64 2450165
85 65 271702
85 67 2737937
85 71 1287918
85 72 4044200
85 75 492591
85 78 3668301
85 80 2115111
85 81 943511
85 92 435259
85 96 2810243
85 97 379308
85 99 3267472
86 2 56215
86 3 707056
86 7 1337558
86 8 682277
86 11 2463066
86 17 3290332
86 18 2837352
86 19 170163
86 20 4395597
86 31 3899651
86 40 2924001
86 41 3936669
86 42 4258214
86 58 3932177
86 62 2948789
86 67 2629373
86 68 3024610
86 74 3996868
86 77 2168915
86 78 2227088
86 82 2935343
86 85 3635019
86 87 2899437
86 94 1401838
86 95 1633888
86 96 1865188
86 97 3948419
86 99 424399
87 3 3858148
87 8 3884032
87 12 1537385
87 15 2014585
87 24 3924692
87 28 4334354
87 30 1072431
87 31 1162312
87 39 4349566
87 47 3612830
87 50 72098
87 57 2168743
87 59 1815702
87 61 2353130
87 63 1186742
87 66 4332774
87 67 3018278
87 68 2796352
87 73 545639
87 75 2929270
87 76 1929803
87 78 2099619
87 80 2745552
87 81 1597453
87 84 2924770
87 86 86558
87 91 2546150
87 92 426975
87 94 88321
88 0 853631
88 3 3970155
88 5 2548516
88 6 2590315
88 13 1753079
88 14 2296206
88 16 3961690
88 18 3860492
88 22 3030402
88 24 1484654
88 25 2813866
88 26 2244704
88 28 4404390
88 29 1572872
88 30 959367
88 32 242370
88 36 203648
88 37 867962
88 38 3496506
88 41 4039154
88 47 2531092
88 51 2630477
88 61 1998865
88 65 2890736
88 67 2782017
88 69 3003033
88 71 2648863
88 79 1501097
88 80 688308
88 83 3884198
88 85 2703759
88 86 3132532
88 90 3948260
88 93 219276
88 95 2385441
89 1 694016
89 9 795765
89 11 4454763
89 12 1469065
89 14 1878652
89 19 1168951
89 24 316584
89 26 259240
89 29 2004157
89 31 2156399
89 32 1770394
89 44 1917570
89 47 509536
89 53 2629366
89 56 3270350
89 57 2787453
89 68 358548
89 69 742472
89 78 375846
89 79 2394175
89 83 111802
89 91 3567866
89 94 3573564
89 95 4476934
89 97 3401684
90 1 1345950
90 5 3207680
90 9 3181426
90 11 2096721
90 14 665840
90 15 2306474
90 20 1655774
90 26 3953621
90 29 4194370
90 32 4171819
90 34 4212813
90 36 1090746
90 40 1072328
90 44 2294515
90 45 4156467
90 51 177899
90 54 1237856
90 57 423737
90 64 2365050
90 65 4223734
90 66 4335537
90 77 1162265
90 79 1867900
90 80 2282388
90 92 1775913
90 93 1808638
90 96 2686701
91 3 1518244
91 14 3984608
91 19 4202043
91 24 350442
91 26 2206189
91 27 70495
91 29 1721770
91 31 2129506
91 34 134672
91 35 1017282
91 38 3987274
91 50 3277881
91 59 3851932
91 62 2111097
91 65 3634365
91 70 2167456
91 72 640065
91 74 3568303
91 78 2831285
91 81 3493686
91 82 3282349
91 86 3015138
91 92 598070
91 93 2854267
92 0 3419567
92 4 420682
92 7 1374508
92 10 780117
92 11 230983
92 13 4414760
92 16 4448822
92 18 313752
92 20 2901319
92 21 1428802
92 22 3541197
92 24 3016402
92 25 3577926
92 26 2188437
92 28 3173714
92 29 2977433
92 32 515977
92 38 3648409
92 39 2173291
92 41 4435947
92 53 525342
92 54 2537361
92 57 2173711
92 58 3663629
92 64 2073177
92 67 1749222
92 70 2521570
92 71 1473434
92 72 2436785
92 73 237430
92 74 2527592
92 75 4239322
92 77 2962270
92 79 883218
92 80 2123994
92 81 3391645
92 82 4473380
92 83 2309009
92 84 3550036
92 87 3419585
92 90 4076327
92 91 783258
92 94 316635
92 96 2497070
92 98 2828000
93 0 314867
93 1 2536016
93 6 828287
93 7 3282417
93 8 398365
93 10 3007355
93 11 2144154
93 16 455135
93 25 3960027
93 27 4187843
93 29 630710
93 30 1277130
93 34 2373729
93 35 3580201
93 39 140508
93 40 1919568
93 44 1240381
93 46 3745634
93 48 3172852
93 49 3455855
93 50 1175850
93 52 1994702
93 62 696058
93 66 3036407
93 70 3818826
93 71 3286268
93 74 1672483
93 76 2134309
93 77 319085
93 79 2497079
93 83 2420093
93 90 318087
93 96 3166597
93 97 1953094
93 98 18900
93 99 1845741
94 1 1123797
94 6 3726654
94 12 1251652
94 21 3524091
94 22 3936418
94 23 4347026
94 25 2816774
94 30 2094401
94 32 3205088
94 33 1531637
94 36 1513770
94 41 2648109
94 43 1965573
94 46 3710622
94 47 3030455
94 48 3154573
94 50 3892274
94 51 1772185
94 53 2233081
94 54 1675642
94 66 2290879
94 67 2789645
94 70 2564828
94 74 1250273
94 76 2445854
94 80 140822
94 81 3280109
94 91 1650419
94 92 2673651
94 95 2236966
95 1 2741034
95 2 1256403
95 7 3554620
95 11 2465349
95 12 2161845
95 13 4396640
95 26 2080104
95 27 4160512
95 32 662735
95 33 2914181
95 38 4367557
95 39 3304393
95 41 2894230
95 43 1431957
95 46 3712792
95 49 4379941
95 50 3909003
95 58 610050
95 59 1748097
95 63 683870
95 64 3800675
95 65 1017210
95 67 4035843
95 71 4099850
95 72 4463966
95 73 1463195
95 79 755596
95 81 2759371
95 83 882927
95 84 1944189
95 90 1402632
95 91 3430736
95 92 2108929
95 94 1317085
96 1 3514194
96 6 2778053
96 8 1102054
96 10 1253493
96 11 4149938
96 14 4381238
96 16 2661780
96 26 2641038
96 29 3521174
96 31 1012901
96 33 1733003
96 37 168936
96 42 1124538
96 44 4303526
96 48 1771629
96 50 2235705
96 56 2284772
96 66 1943330
96 68 1670342
96 70 759916
96 72 2003111
96 73 2247051
96 74 4338953
96 75 3025877
96 79 1816077
96 82 173342
96 89 3364623
96 95 3565772
97 0 2369652
97 1 4442993
97 3 4269828
97 5 4199444
97 14 3021464
97 19 2870798
97 20 849115
97 24 4381938
97 27 1110033
97 31 1667619
97 34 2788547
97 35 3835789
97 36 165130
97 39 2674754
97 51 3203986
97 54 978148
97 65 4359341
97 66 2820860
97 71 69413
97 73 1838964
97 78 2037220
97 81 2392900
97 84 2749017
97 85 1840532
97 92 1033094
97 99 535051
98 0 1233886
98 2 541048
98 6 349095
98 8 2793373
98 13 379132
98 14 651838
98 21 2134248
98 26 3189190
98 29 2678093
98 30 1870768
98 31 3012213
98 38 3136268
98 40 3657104
98 42 2091876
98 43 2526319
98 46 1681753
98 50 3543069
98 54 1426721
98 58 1235417
98 59 1144651
98 62 3863100
98 64 821534
98 71 3072675
98 91 157518
98 93 3708328
99 4 1024272
99 5 3272360
99 6 1094574
99 9 1643401
99 12 3799515
99 17 3768884
99 19 1371828
99 21 2118613
99 26 2378936
99 29 1795598
99 32 1355655
99 39 3646151
99 42 2918858
99 50 1610843
99 52 3928576
99 55 3053676
99 56 1501800
99 57 577181
99 67 1932579
99 75 3585615
99 76 1015368
99 81 2047300
99 83 809401
99 86 3005147
99 92 514659
99 95 176973
99 96 530459
