100 4950
0 1 12162170
0 6 1987831
0 7 11323557
0 9 4562491
0 10 5308465
0 14 340342
0 17 413536
0 19 7152240
0 22 9802828
0 23 2044969
0 24 10774420
0 27 1409625
0 29 548688
0 33 6848973
0 34 5129865
0 37 6251911
0 41 1281893
0 42 12088611
0 48 8720346
0 50 2225686
0 51 5234545
0 55 1373836
0 57 9986315
0 59 1470668
0 63 4283947
0 66 12162070
0 67 2658197
0 68 7847164
0 70 11412727
0 71 10254478
0 72 5415680
0 75 7493496
0 76 1634524
0 79 6338501
0 80 3147056
0 81 2108659
0 83 8273633
0 86 2271159
0 87 357864
0 88 2448497
0 89 22876
0 91 3090045
0 93 11768944
0 94 5228865
0 97 2348761
0 98 1759659
1 0 11121616
1 2 10957577
1 3 4316629
1 9 10483182
1 11 3888038
1 12 11021864
1 13 9399996
1 14 11696257
1 16 3343427
1 23 3334047
1 25 1165174
1 27 334644
1 29 8061853
1 30 1321706
1 31 3180907
1 32 6561910
1 33 1167216
1 35 5755298
1 38 5220574
1 39 1678033
1 40 10610650
1 42 9586143
1 43 347146
1 44 4301365
1 52 2735683
1 54 6469806
1 56 10287914
1 57 670244
1 58 391358
1 61 8856600
1 62 3233574
1 63 12011902
1 66 517019
1 68 6155480
1 71 4323142
1 72 8817507
1 73 6720873
1 76 5859376
1 77 7963210
1 78 2416575
1 79 10100054
1 82 10661104
1 83 2749218
1 85 3323378
1 90 7140692
1 92 8591653
1 96 11696179
1 97 1503630
2 0 1191551
2 1 10140387
2 5 5056291
2 7 8067478
2 13 8141885
2 14 99182
2 16 3338887
2 17 11296578
2 18 10060102
2 21 2663721
2 22 7523061
2 23 8634021
2 25 8355995
2 26 8796099
2 27 4400578
2 29 3236410
2 30 10586301
2 31 9057976
2 34 8680477
2 36 321729
2 37 4193692
2 38 5595940
2 44 11000857
2 45 8313961
2 46 3800846
2 48 6925984
2 50 4764785
2 52 2090206
2 54 10490900
2 57 5837462
2 58 7961560
2 61 10290124
2 65 2915046
2 66 2637482
2 67 5150098
2 68 7980026
2 72 5636462
2 76 4280133
2 77 12216938
2 79 450442
2 80 4652792
2 82 1685548
2 85 2038148
2 87 6000222
2 94 4527002
2 95 9773107
2 96 11377895
2 97 499635
3 1 12192758
3 4 2219590
3 8 4915706
3 9 9665583
3 10 7276922
3 11 4364710
3 17 48843
3 18 7886321
3 19 9636457
3 21 11766323
3 22 67515
3 23 9037329
3 24 4169781
3 26 323737
3 27 7231173
3 29 11629154
3 31 4231008
3 35 8483891
3 36 2665297
3 40 5176779
3 42 2130738
3 44 5986197
3 47 9534236
3 48 377521
3 51 815514
3 56 2470581
3 58 8837775
3 60 164328
3 61 6224484
3 62 6095780
3 66 9578406
3 67 891848
3 68 3238745
3 70 11267412
3 72 6458861
3 75 6856017
3 77 2662230
3 79 10594206
3 80 2070857
3 82 2440642
3 83 8219445
3 85 440829
3 87 5177836
3 88 2801903
3 90 4305903
3 94 9051346
3 96 4658372
3 98 4935988
3 99 6057666
4 1 3575236
4 5 9609514
4 8 4917699
4 9 2925864
4 14 11337456
4 16 11482266
4 17 11549944
4 18 9335970
4 19 9148941
4 20 8980856
4 22 10755193
4 28 7006430
4 29 7894446
4 33 10334412
4 34 6499927
4 35 1194843
4 36 4258567
4 38 10650235
4 42 11370921
4 43 1401422
4 46 534116
4 47 9833235
4 48 11562082
4 49 11960594
4 51 237883
4 53 10101155
4 54 10043173
4 55 9538930
4 58 1142233
4 59 7139036
4 64 9049716
4 67 1865507
4 68 8981539
4 69 11336235
4 72 9682812
4 74 4237254
4 75 10197415
4 79 7122390
4 81 2318225
4 83 5962252
4 84 11423689
4 85 3475532
4 89 4634526
4 90 8453206
4 93 6951600
4 94 8800785
4 95 1284619
4 96 10019204
4 98 3432599
4 99 4962577
5 0 9660324
5 2 10419429
5 6 1875820
5 7 11640539
5 8 10383521
5 10 7442953
5 11 6451250
5 12 444468
5 14 5899051
5 16 7928666
5 19 5791122
5 20 11468744
5 22 10296186
5 25 7831339
5 29 3211568
5 30 5735832
5 31 724557
5 32 10150155
5 33 8958454
5 35 4052223
5 36 9938016
5 37 867872
5 38 7445485
5 39 2643092
5 40 882394
5 44 5192959
5 45 9961818
5 48 6457305
5 50 400774
5 51 517167
5 52 5956042
5 53 1873565
5 54 6971095
5 55 6804372
5 57 1647451
5 58 11141281
5 60 7318711
5 62 5157598
5 66 6728021
5 68 3528570
5 69 7011942
5 76 1994589
5 78 2730825
5 81 2802077
5 84 12197652
5 85 5038097
5 86 2133808
5 88 11832782
5 89 1877739
5 93 4616539
5 97 5634336
5 98 4277222
6 1 11342866
6 2 5059597
6 4 10032983
6 11 4752745
6 12 9618189
6 13 6444368
6 14 2804864
6 17 6156484
6 18 6186154
6 21 11362060
6 23 9255066
6 25 7388055
6 27 5416391
6 30 5406801
6 31 2801277
6 33 6178998
6 34 7580090
6 36 8053284
6 37 3599553
6 39 4487200
6 42 10765951
6 43 771300
6 44 318704
6 48 8924865
6 50 3077380
6 52 6438268
6 53 10505678
6 54 9650636
6 58 8763663
6 60 3536941
6 61 10563638
6 63 1412188
6 64 10693357
6 65 6089582
6 68 2970304
6 69 7043261
6 75 4754397
6 76 2108352
6 81 8817101
6 83 7892097
6 84 1360891
6 88 1564363
6 89 11505584
6 90 6457193
6 92 2715977
6 96 4597887
6 97 3877615
6 98 3650068
7 1 5414036
7 2 3881882
7 4 1437245
7 11 5240518
7 13 11381360
7 14 1260141
7 15 11818917
7 16 2087226
7 17 5785366
7 20 8386029
7 21 8209741
7 22 1194420
7 23 3655894
7 24 3760454
7 25 1518787
7 27 2385514
7 28 1425329
7 29 339657
7 30 5973892
7 32 8926034
7 33 6989495
7 34 1253210
7 35 11948952
7 36 11975623
7 37 8917755
7 38 7882684
7 43 5483895
7 44 2769556
7 45 10204358
7 46 3161467
7 51 9021031
7 52 9907617
7 53 4779557
7 58 1221123
7 60 10795254
7 62 4988487
7 63 9274744
7 66 8394717
7 68 9810124
7 70 4768781
7 73 8064427
7 77 2799108
7 79 9963873
7 81 8886190
7 87 130558
7 90 4665759
7 93 10625580
7 98 3194023
7 99 3975290
8 0 1774504
8 1 6277278
8 6 2896826
8 13 5714413
8 19 10286443
8 20 5821477
8 23 3126168
8 24 10114301
8 25 7939123
8 26 4975023
8 37 6900534
8 39 4200928
8 46 10571011
8 49 6029461
8 51 2334458
8 52 10845058
8 53 3833359
8 55 3597159
8 56 1412960
8 58 4806254
8 63 12227921
8 65 8316836
8 66 1257182
8 69 6652947
8 70 124397
8 74 7063496
8 77 9656747
8 78 3560243
8 81 8747670
8 86 8524931
8 87 179113
8 94 6866950
8 97 11687501
8 98 12137523
9 0 7572546
9 2 12242806
9 4 9114117
9 6 10449355
9 7 1783553
9 8 9235338
9 11 2015653
9 13 10500960
9 17 7634915
9 19 2581980
9 20 1271746
9 21 1260221
9 26 3436505
9 32 10243304
9 34 7394679
9 35 8550524
9 37 7252062
9 38 5880421
9 39 9424940
9 45 5466488
9 46 8198393
9 47 2951065
9 48 7590123
9 49 3075226
9 50 6198590
9 53 7987588
9 54 6389716
9 56 11646284
9 59 9823212
9 61 5346759
9 64 9551084
9 65 10374661
9 66 9604085
9 67 7499728
9 68 3926926
9 69 3548010
9 72 9491878
9 75 7994398
9 77 4195800
9 78 12142785
9 79 2692534
9 81 7165890
9 82 10280117
9 88 8413060
9 91 7841327
9 94 3487509
9 95 9634343
9 97 3006487
10 1 9036089
10 2 8015417
10 5 10487088
10 8 6530827
10 11 1107753
10 14 8498370
10 17 2323301
10 18 5241964
10 20 148292
10 24 4657069
10 25 3346166
10 28 6271252
10 31 4332697
10 32 5194274
10 34 11782504
10 35 3880616
10 41 10677180
10 43 4293793
10 45 6642382
10 46 7284506
10 49 9994445
10 55 9871259
10 58 670546
10 59 9866313
10 62 10453417
10 63 7580153
10 64 11785760
10 67 6131730
10 70 7500795
10 72 3080453
10 75 2851906
10 76 5269594
10 77 2388329
10 82 3604031
10 84 2926533
10 85 7232755
10 87 3034091
10 91 6845740
10 92 7445073
10 93 7087852
10 95 11285578
10 97 2226872
10 98 10469676
10 99 8872558
11 0 1893682
11 1 4019750
11 2 11271299
11 3 11177834
11 4 5193988
11 5 2536259
11 12 11394425
11 14 9049599
11 16 1341872
11 18 5093067
11 21 4556379
11 24 11172286
11 25 11654007
11 30 12159502
11 32 7813164
11 34 551124
11 35 3677931
11 37 7505552
11 41 5439144
11 42 9997134
11 43 8077860
11 46 3849827
11 49 3514198
11 50 7898718
11 52 8550579
11 53 3854070
11 55 5154951
11 56 5056592
11 57 11443304
11 58 4211817
11 60 5121801
11 62 1358916
11 67 1839623
11 69 3259837
11 70 1681999
11 71 5116738
11 74 4371734
11 75 4228386
11 78 10036924
11 80 1072334
11 81 5061175
11 82 8053702
11 83 2221420
11 85 4347916
11 93 6417101
11 94 3542104
11 97 1656719
11 99 10737826
12 0 5600977
12 4 11219546
12 5 4248481
12 6 3799344
12 7 12236067
12 9 6735633
12 11 2052369
12 14 7852722
12 16 8775029
12 17 1231562
12 18 9367093
12 24 8094573
12 26 10786116
12 27 1003961
12 30 5896477
12 32 9264791
12 34 7348269
12 35 3604969
12 41 11406993
12 42 5313402
12 44 3803840
12 47 4360223
12 49 2325342
12 52 3926032
12 55 1990152
12 56 10663969
12 59 1838769
12 60 4548403
12 63 2508466
12 64 7953406
12 65 68817
12 66 6585481
12 67 3770179
12 68 6641143
12 69 11722373
12 70 7323963
12 72 12077830
12 75 6518200
12 76 589903
12 77 2585976
12 80 7694270
12 81 1025288
12 82 11992517
12 83 11472066
12 84 5671700
12 86 2482975
12 87 4281644
12 90 11419939
12 91 12222972
12 93 9900112
12 95 759145
12 98 2171360
13 1 470668
13 2 5982010
13 10 12000321
13 15 85430
13 17 4533161
13 18 5887478
13 20 3261442
13 21 2953992
13 23 11788215
13 25 11680882
13 26 6030627
13 27 9097089
13 28 1031209
13 30 514336
13 35 8126308
13 38 7959840
13 39 2036397
13 42 1585025
13 43 6221712
13 45 7263861
13 46 3187567
13 49 11266377
13 50 2906628
13 51 2850744
13 52 2797805
13 53 6652329
13 54 2560528
13 55 7339835
13 56 9167538
13 57 11605705
13 58 3749136
13 60 10950383
13 62 9012877
13 64 6952460
13 68 5653599
13 70 2575512
13 72 7991100
13 73 4381202
13 75 3968836
13 76 1322888
13 78 10815744
13 80 4202213
13 84 3848403
13 86 7429302
13 88 9125448
13 90 7586724
13 91 10176247
13 92 3468573
13 94 908687
13 95 9881790
13 99 8924020
14 5 11421426
14 6 1291525
14 7 3839169
14 8 5895742
14 9 11780524
14 10 7385862
14 12 478721
14 13 4553649
14 17 8583657
14 19 11098155
14 22 8475413
14 23 2918113
14 24 7448277
14 26 4018942
14 31 8479132
14 33 1254411
14 34 2198579
14 35 7435384
14 36 25771
14 37 3460279
14 38 960235
14 42 10295787
14 44 3429402
14 45 10576082
14 46 6245161
14 47 11464705
14 48 5571738
14 50 3387829
14 51 10191389
14 54 3070150
14 56 12067710
14 59 10931819
14 60 2587939
14 61 4643928
14 63 11602448
14 64 1140066
14 65 616522
14 67 11912839
14 68 12196745
14 69 8987641
14 71 7243231
14 72 11173107
14 73 506547
14 75 481138
14 76 7164014
14 77 4770296
14 78 10443151
14 80 5886675
14 81 195143
14 82 1454963
14 83 2661258
14 84 789297
14 93 4950164
14 95 1343541
14 96 2716779
14 97 2150113
15 0 3363941
15 4 2510216
15 5 9126716
15 6 3414637
15 8 4624461
15 16 2360940
15 19 6274307
15 20 3779377
15 21 4934230
15 25 7163177
15 26 8700596
15 27 7465073
15 28 306531
15 32 12166569
15 33 321174
15 35 119648
15 37 911862
15 38 2561427
15 39 2261629
15 41 2278428
15 42 2590703
15 43 1872947
15 44 4672174
15 50 3841604
15 51 5845948
15 52 2927510
15 56 1374324
15 57 8534349
15 58 1801162
15 59 8696683
15 61 780634
15 62 10971367
15 64 8129984
15 68 8837903
15 71 8317612
15 73 8832082
15 74 7332778
15 75 129264
15 77 7937759
15 79 9333015
15 81 7279895
15 82 1885117
15 83 11717856
15 90 4535617
15 91 4772862
15 94 2560304
15 95 10410412
15 97 6632967
15 99 7274010
16 5 12108808
16 6 6775316
16 8 10877043
16 9 1388938
16 10 77001
16 13 2578502
16 14 6170903
16 17 1919546
16 18 6588424
16 20 763972
16 22 5327938
16 25 306057
16 27 4994720
16 30 939587
16 32 8698215
16 35 1117527
16 37 4485500
16 38 49307
16 39 5994657
16 44 9021475
16 50 9986129
16 51 3479668
16 52 9722986
16 56 3809878
16 57 2313956
16 62 1014257
16 63 2352718
16 65 3683323
16 67 9855066
16 71 8952328
16 72 7573372
16 80 5588149
16 81 9176887
16 82 1539208
16 83 4979877
16 84 2288348
16 85 2649919
16 87 5572772
16 88 8278685
16 90 9018797
16 91 8535788
16 92 757535
16 95 3388345
16 96 6020262
16 99 10944067
17 1 12210958
17 3 2607371
17 5 9950718
17 7 6777455
17 8 8403457
17 9 4335139
17 12 5162127
17 13 9211194
17 15 979885
17 16 8290468
17 18 11856777
17 20 3234836
17 21 551168
17 22 12159575
17 23 8297736
17 24 10953593
17 27 5376562
17 28 4790879
17 29 8442172
17 30 357106
17 32 2172503
17 33 11547548
17 34 2247950
17 35 11715529
17 36 2341611
17 38 8669022
17 39 1382107
17 41 6838411
17 44 9086763
17 46 6870349
17 48 5965364
17 49 1728535
17 51 6464707
17 54 2246560
17 55 1465166
17 58 11777139
17 60 4580490
17 61 8762010
17 62 2950551
17 65 8198820
17 66 4185387
17 69 5802315
17 72 231215
17 78 3515223
17 80 1790631
17 83 9781931
17 84 3318782
17 86 3930268
17 88 1172646
17 93 9563459
17 96 9951934
17 98 2808493
18 1 560249
18 2 11171551
18 7 7339396
18 8 11416012
18 11 2252240
18 13 336036
18 15 11918797
18 16 9531626
18 19 12063497
18 20 8861529
18 21 9187274
18 24 2412050
18 25 283125
18 26 6760702
18 28 5243136
18 29 1950915
18 30 8153610
18 31 7043893
18 32 7339330
18 33 12212974
18 36 1533933
18 39 4957565
18 40 12053974
18 41 6411850
18 42 5088835
18 43 8787418
18 46 4260055
18 47 6878055
18 48 7705596
18 49 9181786
18 51 9752401
18 53 1661101
18 56 7853207
18 57 7779249
18 62 11988700
18 64 9344583
18 66 9635497
18 67 10861070
18 70 3638365
18 71 7651974
18 74 11022635
18 75 233275
18 76 11764252
18 77 4190452
18 80 9044085
18 86 559550
18 87 6563925
18 88 9731271
18 89 4429353
18 90 9902455
18 93 6200433
18 94 4543282
18 95 2517620
18 96 5448307
19 0 121579
19 2 3854052
19 3 1440685
19 8 3474920
19 9 11939898
19 20 3157107
19 23 10895102
19 24 8349852
19 25 3872342
19 28 5651269
19 29 9340017
19 31 7699763
19 33 11924538
19 43 2796307
19 45 5633829
19 50 6928542
19 51 9655028
19 58 9928156
19 60 2296913
19 62 303576
19 63 11906904
19 65 10155130
19 67 7518340
19 70 10429566
19 72 5675531
19 73 11406087
19 75 7637377
19 76 9416608
19 80 6185166
19 86 7960333
19 88 5403590
19 92 12144184
19 93 1354553
19 97 11572048
20 0 9838743
20 2 7697054
20 5 9979808
20 9 6293955
20 11 3016526
20 13 1632815
20 14 3473838
20 15 5257306
20 16 8727032
20 17 3078079
20 18 10171729
20 21 12110202
20 23 10501894
20 25 818989
20 26 8940640
20 27 9484251
20 28 5890708
20 30 2217200
20 32 8473524
20 34 3194008
20 36 2020930
20 38 11979201
20 40 10040996
20 42 11748981
20 46 2143422
20 49 9803523
20 51 9697172
20 52 8033142
20 54 2679416
20 61 2172917
20 62 11853965
20 67 3158457
20 71 9578554
20 73 282173
20 74 5199694
20 77 11736579
20 78 4994405
20 79 8216311
20 82 2180114
20 85 1147111
20 86 8944067
20 87 7999121
20 88 8327510
20 89 10935724
20 90 7706783
20 91 3472453
20 99 10539800
21 0 2512221
21 1 10659111
21 2 11131718
21 3 9326053
21 5 176942
21 9 3895540
21 12 11705333
21 13 7008012
21 20 7672101
21 29 2173063
21 31 934530
21 32 5906253
21 33 9074591
21 35 10744529
21 36 6074500
21 38 2298983
21 39 8909781
21 44 964928
21 50 5972864
21 51 9939673
21 56 7953055
21 57 5206904
21 59 2656304
21 62 9813444
21 63 1604193
21 65 3900073
21 66 8437630
21 71 11645756
21 72 190534
21 74 5032731
21 75 293245
21 76 10501390
21 78 402138
21 79 1428641
21 81 4925860
21 82 4929261
21 83 10460449
21 90 6956465
21 92 1577413
21 93 2523389
21 94 8744987
21 95 11273720
22 0 2455952
22 7 8810629
22 10 7872905
22 11 4661468
22 14 2511214
22 15 9868525
22 16 5701970
22 17 10369426
22 18 322353
22 23 10232721
22 25 3320642
22 26 3082656
22 27 11694444
22 28 4506040
22 30 11604112
22 33 7996881
22 34 9171742
22 35 11057413
22 36 6071218
22 38 6472436
22 39 1654950
22 44 1081162
22 45 12205996
22 49 8264980
22 51 976428
22 52 7634204
22 53 1190639
22 54 5682503
22 56 9265104
22 57 6939384
22 59 8196259
22 60 154068
22 61 11494426
22 64 7721160
22 66 668320
22 67 1244767
22 69 10300586
22 74 5711940
22 75 6779295
22 76 12095252
22 77 7001264
22 89 11953507
22 90 9545734
22 91 5232394
22 98 8709822
23 1 1866110
23 2 2762291
23 3 2049699
23 4 6413305
23 7 8891434
23 11 4492565
23 14 8465692
23 15 5644786
23 17 1029471
23 21 11644263
23 22 445031
23 24 804781
23 26 3406870
23 27 5663136
23 28 1185773
23 32 2766152
23 33 11565546
23 40 5807304
23 41 5244332
23 42 8484192
23 44 878029
23 45 1505444
23 50 7109288
23 54 5001535
23 55 4181903
23 56 2680114
23 58 6478868
23 59 4863217
23 60 261261
23 64 603173
23 65 10852861
23 66 1451094
23 67 6220270
23 68 6815649
23 70 3762571
23 72 6794820
23 75 11702459
23 77 668927
23 78 8614588
23 80 2073927
23 81 6134
23 82 11186276
23 83 2266486
23 84 761808
23 85 9879700
23 86 8679389
23 87 1952076
23 88 11453003
23 90 8391374
23 91 10491280
23 92 6352153
23 93 11838622
23 95 7491780
23 97 11022180
23 99 6580323
24 2 4903898
24 3 5516967
24 5 7391864
24 6 9841784
24 7 1563076
24 11 8926484
24 12 3943781
24 13 3877595
24 14 5009334
24 15 7580994
24 17 2229768
24 21 7285087
24 23 6812210
24 27 9661024
24 29 1073734
24 32 1624547
24 33 1965246
24 34 1717206
24 37 3533116
24 41 5465502
24 42 9936443
24 46 10803785
24 48 1389700
24 52 8415401
24 53 3359549
24 54 11376787
24 55 3040701
24 57 10763320
24 63 4419879
24 65 5146267
24 69 1942045
24 70 9834394
24 71 7293586
24 72 2141608
24 76 6942083
24 77 12171190
24 78 5569938
24 80 7400592
24 82 10401816
24 84 7722541
24 89 3755624
24 90 3989931
24 95 8465549
24 98 6589768
24 99 5395397
25 0 1640181
25 1 39267
25 2 12163365
25 3 8787845
25 4 1796426
25 5 6896759
25 7 7509551
25 8 8996575
25 9 8925592
25 10 9943511
25 11 4453006
25 12 7912645
25 14 3084451
25 16 7016923
25 18 1352421
25 19 5294136
25 20 5280046
25 21 1870806
25 22 5351102
25 23 8037776
25 24 6994974
25 27 3798076
25 28 8472330
25 30 3162947
25 31 10870220
25 32 3060798
25 34 4021891
25 35 3522071
25 37 7551809
25 38 5649208
25 41 5887566
25 42 4271656
25 43 11312587
25 44 2141837
25 49 11146920
25 51 622488
25 53 2161482
25 55 5797505
25 56 8124229
25 57 6096938
25 58 11826965
25 61 2435822
25 62 9354155
25 64 1838503
25 66 9976184
25 67 1479367
25 68 4528178
25 70 7932390
25 74 7690974
25 75 10569827
25 76 11575781
25 77 10441509
25 80 9769165
25 81 4343879
25 84 8571942
25 85 11357758
25 88 4282719
25 89 8804627
25 90 5945270
25 93 1394766
25 94 818717
25 95 9936760
25 98 11641764
26 2 1849031
26 3 17109
26 4 2927973
26 5 1844609
26 6 11436643
26 8 3879586
26 13 4332326
26 14 10551901
26 15 2580446
26 16 7347969
26 17 1647297
26 18 3995350
26 19 658303
26 20 5666922
26 21 8693459
26 22 7034981
26 24 10627752
26 25 4798423
26 27 3627359
26 28 76148
26 31 7829410
26 33 2044033
26 34 1119310
26 36 8180206
26 38 836019
26 42 4195511
26 43 347160
26 46 11654043
26 47 743202
26 49 2606096
26 53 6810740
26 54 2293105
26 55 5190833
26 56 7129308
26 57 9566556
26 60 3481988
26 63 4677983
26 64 10877683
26 66 1796897
26 67 717817
26 69 2152181
26 71 9981310
26 74 4916288
26 77 7754723
26 78 9933161
26 79 5078823
26 81 10522063
26 82 1524135
26 84 9621868
26 85 3672453
26 87 3623647
26 90 1254023
26 93 7242517
26 95 9892734
26 98 2409875
27 3 1362011
27 5 5205360
27 6 6359717
27 9 2649007
27 10 4547926
27 12 4977877
27 14 10790276
27 15 8341970
27 18 2502156
27 20 11952173
27 21 5831053
27 22 3056941
27 24 12235216
27 25 6420517
27 26 8530250
27 31 6128347
27 36 6893824
27 41 2225103
27 43 2684439
27 44 4961387
27 46 9489065
27 47 10642228
27 52 2367824
27 53 10624874
27 54 9159663
27 58 5039319
27 60 11410753
27 63 569936
27 64 6603476
27 66 9897482
27 68 6920122
27 70 11432458
27 71 1766364
27 72 5961380
27 74 4568475
27 76 6419387
27 77 6481507
27 78 11489229
27 79 10480898
27 81 6181685
27 82 11475433
27 85 9441129
27 86 3507830
27 91 8072233
27 93 2007876
27 95 11474630
28 1 1500788
28 2 11548779
28 6 6960628
28 7 10333265
28 9 5616771
28 13 1361598
28 14 5559160
28 20 2214710
28 22 5385569
28 26 8134619
28 27 12001907
28 29 3009251
28 32 12218852
28 33 5437936
28 34 6184931
28 35 5933002
28 36 11797355
28 37 1468844
28 38 9063705
28 39 6492978
28 42 2490329
28 44 9094044
28 47 2113284
28 50 1996416
28 51 7360833
28 54 2387061
28 55 650291
28 57 4439023
28 58 6283807
28 59 138113
28 60 779911
28 61 2915591
28 62 9852221
28 65 5646834
28 66 1832362
28 67 9668583
28 71 8727726
28 74 4241605
28 78 3996425
28 79 11138681
28 81 10767702
28 85 4386370
28 86 138952
28 87 8670839
28 93 4413473
28 94 6268603
28 95 8170312
28 96 4771113
28 97 2778687
28 99 7317178
29 3 11759975
29 5 8495412
29 7 3265280
29 8 2348390
29 9 11339026
29 10 10366844
29 11 4116282
29 14 1591618
29 15 6833045
29 16 1821472
29 18 3797168
29 23 9209278
29 25 2935334
29 27 3718586
29 28 10861665
29 32 6111647
29 33 5657861
29 34 4185335
29 35 9912334
29 36 6005621
29 39 9845216
29 41 89299
29 42 268718
29 43 5020874
29 45 2624356
29 46 966631
29 47 1214231
29 50 7341410
29 52 8618761
29 53 9448647
29 55 4833255
29 56 2257230
29 59 5195333
29 63 9233868
29 64 701439
29 66 1544105
29 67 7377478
29 68 9366470
29 72 9543105
29 74 2368771
29 78 9017237
29 83 3036529
29 85 10676729
29 86 8107790
29 87 8262925
29 88 3536938
29 91 1569889
29 93 5374742
29 96 2118133
29 97 2350347
30 2 2381411
30 4 5065292
30 5 847822
30 14 7526653
30 15 11139356
30 18 8106667
30 21 1752857
30 22 2819897
30 25 9878702
30 26 2792508
30 29 11893379
30 31 10306952
30 33 8683546
30 35 11051080
30 37 2188267
30 38 10195346
30 39 10590349
30 43 11333487
30 44 5304690
30 47 2547908
30 48 553103
30 49 1119002
30 50 6518372
30 51 11943559
30 53 2055006
30 55 11212012
30 56 6505819
30 59 7457712
30 61 1220672
30 62 10034113
30 63 8955516
30 64 9892302
30 65 8011287
30 67 6135352
30 68 9093853
30 70 7075713
30 72 919042
30 73 10840220
30 77 11237116
30 78 6920476
30 79 9322829
30 83 444348
30 84 12154943
30 88 6172985
30 89 9243591
30 91 4147187
30 92 2164976
30 95 5982454
30 96 2260690
31 0 1460871
31 3 1597538
31 7 645409
31 9 631289
31 10 4678911
31 12 1282910
31 17 11631616
31 22 10124452
31 24 289491
31 25 11755284
31 26 8763962
31 27 6299099
31 28 6195964
31 29 6158614
31 30 8739046
31 32 4537174
31 35 11977222
31 38 2383183
31 40 5501997
31 41 6479409
31 51 11221510
31 54 498181
31 55 848309
31 57 11091686
31 62 9046370
31 63 4934384
31 64 11822385
31 66 7595229
31 67 7638152
31 69 106470
31 71 10329768
31 74 10803973
31 75 10360445
31 76 6976704
31 78 7241322
31 79 1148886
31 84 5180582
31 89 2136565
31 92 5070975
31 93 9834014
31 96 5991282
31 97 7504840
32 0 763703
32 1 9820982
32 3 11311505
32 8 9771222
32 12 9879397
32 14 1310008
32 15 3902888
32 19 6791973
32 20 1219827
32 21 9416520
32 22 1601951
32 24 12073878
32 28 1804142
32 29 4375189
32 30 6625172
32 33 11419901
32 34 109485
32 37 5210558
32 39 3191051
32 40 7914239
32 42 7183556
32 44 3913059
32 45 11209686
32 47 1908189
32 48 9411665
32 49 5949196
32 50 585025
32 52 2577436
32 53 11339803
32 55 5347881
32 56 2576717
32 58 8829575
32 59 2116733
32 60 3140215
32 61 3622450
32 62 10990367
32 63 6797308
32 64 4681561
32 66 5367496
32 70 3524640
32 71 3756172
32 72 5028045
32 74 706428
32 75 11540130
32 76 12240036
32 83 6399371
32 84 1394597
32 86 3286849
32 87 12174504
32 88 4852233
32 89 11892546
32 90 11686722
32 94 9229727
32 95 4925775
33 0 3187829
33 3 7558528
33 6 7717729
33 8 11011992
33 9 4945983
33 10 6717205
33 11 4348177
33 12 10940668
33 15 3970180
33 16 8079109
33 17 7742620
33 19 4441499
33 20 4068408
33 22 9500655
33 24 180601
33 26 4351808
33 28 5329373
33 32 2077491
33 34 3740938
33 35 9137167
33 36 10087433
33 37 590185
33 39 3847919
33 40 11463265
33 41 2100652
33 44 11957166
33 47 1555457
33 49 120189
33 50 2442767
33 52 9610552
33 54 6526731
33 58 8912275
33 59 5244717
33 62 6874116
33 63 8201443
33 65 6212399
33 66 2930859
33 71 3034448
33 74 7077960
33 76 9527604
33 77 4260486
33 78 5102057
33 82 6513742
33 84 8872490
33 86 11941448
33 89 457146
33 90 2620733
33 91 592505
33 92 6672537
33 97 533333
34 2 9575435
34 7 5211675
34 8 2525824
34 9 4792198
34 11 10009112
34 12 3555268
34 13 8647501
34 18 10788625
34 19 7926452
34 23 9428467
34 24 2070573
34 28 8350924
34 33 4694380
34 35 7613308
34 37 6381064
34 39 4958286
34 45 11144178
34 46 3595855
34 48 8208705
34 50 392749
34 51 6864690
34 52 839105
34 58 3340939
34 60 1227483
34 62 342404
34 64 4143943
34 65 5354707
34 67 8313815
34 73 7341797
34 75 5846951
34 77 347114
34 78 2741481
34 79 1916019
34 82 4411434
34 83 3413121
34 85 471066
34 87 8492661
34 88 3760585
34 89 584954
34 92 11488147
34 93 9253410
34 94 2137049
34 96 6929635
35 0 8627756
35 3 6809532
35 10 8772322
35 13 11794898
35 15 7040863
35 16 3212558
35 17 2977304
35 18 1738145
35 21 654112
35 22 2607484
35 26 5690635
35 30 9590790
35 31 1768315
35 32 10803853
35 33 11373162
35 37 11083432
35 38 3456600
35 39 11823196
35 40 2505841
35 42 8692241
35 47 5598793
35 48 6488111
35 49 4260710
35 51 11196291
35 52 1998678
35 53 5387105
35 55 3023926
35 56 10477384
35 57 1556186
35 60 5664275
35 65 6661275
35 66 2853340
35 67 11747756
35 68 11776638
35 70 6851057
35 72 1670854
35 76 8153330
35 78 8315747
35 79 10178261
35 80 1931836
35 81 11704961
35 83 2344771
35 88 4328975
35 89 440438
35 91 5911484
35 95 7725456
35 98 7370437
35 99 11270428
36 1 1810367
36 2 8492012
36 7 6366701
36 8 9935817
36 9 7498639
36 12 1269090
36 13 4149957
36 14 11655300
36 16 3649356
36 18 4864066
36 19 5481081
36 20 5377600
36 21 8061942
36 22 10118358
36 24 1863507
36 27 6258516
36 28 11275735
36 30 7283472
36 31 13507
36 32 6154255
36 33 10628586
36 34 9075266
36 35 5816334
36 39 7557063
36 41 1045006
36 42 212643
36 44 5258819
36 48 8843858
36 57 7493544
36 58 7229022
36 59 11289045
36 60 1097875
36 61 10791786
36 62 11774339
36 63 3291978
36 64 7969768
36 65 9389595
36 67 178133
36 68 10794260
36 72 9378298
36 74 2856533
36 77 1678361
36 78 10815739
36 79 6536597
36 80 4624917
36 81 3024170
36 85 4984278
36 86 8120740
36 87 6742868
36 88 5664363
36 90 3572093
36 92 5594058
36 94 4141893
36 95 6475030
36 96 3192643
37 0 2841261
37 3 555074
37 4 2714998
37 6 9509093
37 10 1845426
37 11 8839620
37 13 7977423
37 14 849749
37 15 2893096
37 19 8879561
37 20 10481032
37 21 8286718
37 26 8969349
37 28 251516
37 29 5585797
37 31 6101207
37 32 11637313
37 34 345171
37 38 7314674
37 40 764690
37 43 6394961
37 46 6469372
37 49 3974513
37 51 5169707
37 53 11115578
37 55 6147460
37 56 4951601
37 58 8702446
37 62 3598929
37 67 5929888
37 71 6655057
37 72 1489094
37 77 2690245
37 79 4816369
37 81 77776
37 84 2491767
37 85 11392239
37 88 3652839
37 89 7051098
37 93 9309592
37 96 4900274
37 98 78012
37 99 4754832
38 1 6681227
38 2 9578874
38 3 763064
38 4 875210
38 5 1609075
38 6 9931565
38 8 4535078
38 10 2580186
38 11 1528807
38 16 6897542
38 18 3102452
38 22 10981374
38 23 56946
38 24 6458576
38 25 7191876
38 31 4696878
38 32 2194599
38 34 9961479
38 36 272320
38 37 6885554
38 39 11128
38 40 4709800
38 42 10664971
38 43 11904993
38 46 12042748
38 47 7551510
38 48 4900035
38 49 10563806
38 51 11370603
38 52 9099215
38 55 11541047
38 56 572648
38 59 2884451
38 62 2180393
38 65 3485707
38 66 10829948
38 68 3118623
38 69 8466903
38 70 11914043
38 72 1716872
38 75 6495273
38 76 230387
38 78 5544180
38 79 7657810
38 80 4374183
38 83 124633
38 84 6598587
38 87 11856902
38 88 5397408
38 90 10216938
38 91 7265708
38 93 12045500
38 94 10835904
38 97 4382031
38 99 10787051
39 0 2861381
39 1 4528242
39 2 7509008
39 3 10573187
39 5 6306163
39 6 192058
39 7 844118
39 9 11822355
39 10 8202714
39 12 319813
39 13 8496258
39 16 4590867
39 19 3232872
39 21 6263342
39 23 1404428
39 24 3741752
39 29 4580882
39 30 5524487
39 34 9261756
39 36 5133454
39 38 11461340
39 40 5576575
39 43 9825880
39 44 2439361
39 45 2993470
39 48 9933607
39 50 3727412
39 51 6905339
39 53 1006100
39 55 11047406
39 56 10105066
39 58 9164146
39 59 3037066
39 62 2426643
39 65 10739517
39 66 8749844
39 74 943947
39 83 11732639
39 84 8627756
39 86 2699485
39 87 717129
39 88 10586307
39 92 2967899
39 93 5455373
39 95 4131202
39 96 276523
39 97 1910586
39 98 6124075
39 99 9446873
40 0 9870803
40 2 5503461
40 3 5236579
40 4 7291096
40 5 11707135
40 6 6773746
40 10 7064864
40 11 6264802
40 12 9793811
40 15 763246
40 16 1568244
40 18 6701957
40 19 5498934
40 22 229938
40 27 13472
40 32 1501554
40 35 5195067
40 38 7669152
40 41 2504178
40 44 1084728
40 46 3724686
40 47 3195566
40 48 554431
40 49 2272833
40 52 6961769
40 54 3871818
40 55 8099824
40 57 11774829
40 58 11648110
40 60 12153233
40 61 8082025
40 62 10678305
40 65 11067104
40 66 5666304
40 67 2573844
40 69 4695357
40 70 5524432
40 71 1082592
40 72 7263770
40 73 6546039
40 75 7992216
40 76 10906689
40 79 1330366
40 80 2010178
40 81 996135
40 83 2280884
40 84 12153303
40 85 1251045
40 87 3416964
40 88 11538184
40 90 11590402
40 91 1109965
40 92 1467336
40 94 6484496
40 96 5682142
40 97 2913176
40 99 3868280
41 2 5618020
41 5 6780999
41 6 11108409
41 8 10082104
41 9 9292935
41 10 8772654
41 13 9116868
41 15 5554274
41 16 9865484
41 18 6004587
41 20 2633339
41 21 5371116
41 23 9841563
41 25 1453493
41 27 10474348
41 30 1681600
41 32 7806820
41 33 1716216
41 36 5566248
41 38 9412282
41 42 8293025
41 44 7100242
41 45 5770067
41 46 11909475
41 48 11033940
41 49 2271453
41 54 6552407
41 55 8762337
41 56 1612035
41 57 7934931
41 60 11674841
41 63 1146147
41 64 1491863
41 66 4215841
41 67 7427463
41 69 502608
41 70 6477011
41 74 9028410
41 76 9202389
41 78 8641234
41 81 6011466
41 82 6000638
41 83 9356853
41 85 1164020
41 88 1561185
41 89 1049021
41 93 6800826
41 94 7350297
41 96 10377624
42 0 7344194
42 1 11907205
42 5 4633849
42 9 12103217
42 11 2856298
42 12 6326862
42 13 7941418
42 14 413945
42 16 961597
42 17 146180
42 18 4039017
42 19 10075535
42 25 1619081
42 27 8619137
42 29 5087539
42 30 2796566
42 31 3094646
42 36 8203435
42 37 8674478
42 41 79292
42 44 1688468
42 48 10718977
42 49 6091236
42 51 8640506
42 53 1709754
42 54 2318683
42 55 8631193
42 56 9485717
42 57 11221492
42 58 937365
42 60 1345359
42 61 11137123
42 64 2751340
42 70 10542619
42 72 10790025
42 74 11638612
42 75 4492400
42 76 11373068
42 77 9254267
42 80 9346193
42 81 11494248
42 83 6826468
42 84 3149816
42 86 3931793
42 88 5966988
42 89 5879601
42 91 1012099
42 92 5468148
42 95 7589716
42 99 9224495
43 2 5835335
43 5 4954457
43 6 1587759
43 10 10669893
43 13 329564
43 15 5216410
43 16 2957728
43 17 4422310
43 18 7776007
43 20 8269917
43 21 6638970
43 22 2052064
43 23 7751437
43 24 4175244
43 25 8206164
43 26 6497742
43 27 5950313
43 30 3508055
43 34 8384689
43 37 2866612
43 40 8001437
43 44 11223754
43 45 6989395
43 46 10910636
43 47 6906499
43 48 910399
43 49 2358149
43 50 4556181
43 51 10287830
43 52 3312609
43 55 1328591
43 61 8130540
43 62 9900295
43 63 3595587
43 65 11783872
43 66 10294851
43 69 7743122
43 70 3717407
43 72 12095671
43 75 2135766
43 76 6931674
43 77 780459
43 78 4779794
43 79 7002458
43 80 8064835
43 82 12216801
43 85 6915863
43 87 9941455
43 89 10043556
43 91 1281707
43 92 7055217
43 96 1932486
43 97 1755818
43 98 6885571
43 99 9259889
44 1 1163453
44 2 863157
44 3 6104123
44 6 11893053
44 7 12168365
44 10 9305881
44 12 6184416
44 14 9664735
44 19 3723843
44 20 10437926
44 21 3753938
44 22 2578032
44 24 11064617
44 25 9241908
44 29 632899
44 31 8150852
44 36 392366
44 38 2830840
44 43 7566879
44 45 2148641
44 47 4330935
44 48 2405848
44 51 7357860
44 56 1519289
44 58 4764889
44 62 8287606
44 64 9993369
44 65 4242516
44 66 4435784
44 67 301907
44 68 7466291
44 70 4212480
44 72 1144946
44 73 1829014
44 74 9865701
44 76 1026830
44 77 11379332
44 81 11532208
44 83 10893609
44 87 3997124
44 88 6831792
44 91 3343807
44 96 9341739
45 1 7403569
45 5 11588674
45 6 5045809
45 9 9717199
45 11 9937418
45 12 11404906
45 15 9386413
45 17 10042996
45 18 7673274
45 19 6890736
45 26 11435321
45 28 600921
45 29 4774843
45 32 11231118
45 34 9962836
45 36 7281152
45 37 6024663
45 38 2660269
45 39 7996655
45 40 3738934
45 41 2829282
45 43 7757088
45 44 7118443
45 47 677579
45 48 10201429
45 49 8764515
45 50 6621284
45 53 3241115
45 57 5741792
45 58 6031470
45 59 12156804
45 60 3606761
45 63 6183654
45 64 8785390
45 65 4121821
45 67 6164958
45 68 8771621
45 71 2167129
45 72 11579113
45 74 4197387
45 79 9376144
45 80 4532748
45 82 7291799
45 84 136191
45 86 4998014
45 87 280688
45 93 10451713
45 95 11547273
45 97 6214932
45 98 9493318
46 0 8156706
46 2 10995332
46 10 11394126
46 11 777971
46 14 1417231
46 15 2587622
46 16 4478758
46 18 461055
46 19 8994440
46 20 6958451
46 23 10432870
46 24 7930382
46 25 6784969
46 26 485593
46 27 1885321
46 29 9294057
46 30 9420768
46 34 11466187
46 35 7457604
46 36 10314353
46 40 985012
46 45 6359011
46 49 6911313
46 52 10670481
46 53 10356900
46 56 1535270
46 58 2722272
46 59 8714010
46 61 9022779
46 63 7175260
46 65 8877208
46 67 2569874
46 70 4314904
46 72 5862847
46 76 10336061
46 81 10152354
46 86 7835127
46 88 8522851
46 89 3548044
46 90 2069727
46 92 1019410
46 93 241109
46 94 4113679
46 96 4236284
46 98 2342217
46 99 473980
47 0 12024130
47 1 6602970
47 6 1376848
47 7 7293455
47 12 7077518
47 13 1328141
47 14 6776732
47 17 2022525
47 18 8351631
47 20 10764657
47 24 8344615
47 25 8959845
47 28 7102351
47 31 10762168
47 34 5585180
47 35 8090362
47 36 8669379
47 39 6664853
47 41 5084013
47 44 3334957
47 48 11540795
47 52 6845175
47 57 2023274
47 59 1297799
47 61 2532577
47 62 7339533
47 64 11534486
47 66 2691559
47 67 3313717
47 68 2770914
47 71 11651394
47 73 4088987
47 74 7248611
47 78 8996520
47 79 9555431
47 83 6558744
47 85 8605052
47 88 8347367
47 89 6510930
47 91 5296078
47 93 7079547
47 95 2512894
47 96 10038577
47 99 9440120
48 2 5551516
48 4 11337801
48 7 1743064
48 8 5270937
48 9 9645885
48 10 4354176
48 11 2456900
48 12 6099022
48 13 6255517
48 15 9051968
48 16 5469839
48 18 3252936
48 20 2858903
48 24 4609067
48 25 9411633
48 27 9961422
48 31 6388134
48 35 9427305
48 36 2007504
48 37 6579551
48 38 352505
48 39 11879795
48 44 4810596
48 47 8805856
48 49 6498501
48 50 3687910
48 51 3909529
48 52 3768565
48 54 3761903
48 56 1682574
48 59 3632501
48 60 2669090
48 62 8317243
48 66 3758514
48 69 6691637
48 70 224660
48 73 8633359
48 74 4573142
48 75 740938
48 77 10501235
48 79 3921511
48 82 9932272
48 84 1484078
48 85 6349468
48 86 10932419
48 87 10439364
48 88 3301705
48 90 11324986
48 92 8854502
48 93 6757381
48 95 4476825
48 96 4381574
48 98 4735045
48 99 1584626
49 1 10303318
49 2 3645530
49 4 1842080
49 5 3313542
49 6 4985841
49 7 9870469
49 8 4634952
49 9 729718
49 12 9018340
49 14 1521404
49 15 9545940
49 18 11698941
49 19 5346515
49 20 3505874
49 22 6620856
49 28 731898
49 29 5864569
49 30 9127866
49 33 4346109
49 35 3955913
49 38 1660909
49 40 72969
49 42 4464666
49 44 7528753
49 51 8170870
49 53 12190912
49 55 7789206
49 56 913400
49 57 7809654
49 59 863400
49 62 11672981
49 63 4169800
49 64 11522405
49 65 10554221
49 66 5445843
49 71 2161637
49 73 233927
49 75 7037766
49 76 8865956
49 79 5809521
49 80 10501783
49 82 2915352
49 83 9876617
49 87 9175726
49 88 7331517
49 90 161336
49 91 12112545
49 92 192574
49 93 10796911
49 97 82147
50 0 9773625
50 1 10585263
50 2 2207111
50 6 2141066
50 7 6126231
50 9 11888469
50 12 716291
50 13 3098091
50 15 4055383
50 16 5130359
50 17 3058358
50 20 2888823
50 22 11099344
50 26 7437066
50 28 2479470
50 31 12189395
50 32 3894902
50 34 5261861
50 37 457208
50 39 1917259
50 40 5886743
50 43 961219
50 44 698793
50 46 9359495
50 47 7159946
50 48 9344937
50 49 9335131
50 53 10016428
50 58 3521817
50 59 10662520
50 62 3590834
50 63 9908870
50 64 2167179
50 65 10730212
50 66 10682083
50 68 2754714
50 70 8852042
50 71 6743317
50 76 4942513
50 77 6675730
50 81 8525207
50 82 6204210
50 83 8431830
50 84 6883939
50 85 9762018
50 86 7580799
50 87 4930449
50 90 6769387
50 91 4481142
50 94 8259351
50 95 7319024
50 96 8584879
51 0 9984997
51 3 3321026
51 4 7335702
51 6 561474
51 8 4719933
51 11 4610618
51 12 9223094
51 14 2297805
51 17 9175296
51 19 10899212
51 22 3744754
51 24 6105666
51 26 99475
51 27 12185212
51 31 12190505
51 33 5910909
51 34 2480023
51 35 11058720
51 36 5664049
51 41 329475
51 42 4347036
51 45 9782959
51 46 9207558
51 53 6359676
51 54 6391514
51 56 11134462
51 59 6873449
51 64 9150273
51 65 2151774
51 67 10914792
51 68 1782408
51 69 938285
51 70 1801565
51 71 1426579
51 73 2811422
51 78 9349949
51 80 3645782
51 81 4702909
51 83 5932654
51 84 7112042
51 86 6037873
51 87 2132139
51 88 3407253
51 90 473825
51 92 3943044
51 96 9690048
51 99 7225600
52 6 11226564
52 7 8435287
52 11 6495321
52 14 9774295
52 16 9905494
52 18 7009157
52 19 7707219
52 20 10247733
52 23 11022081
52 28 1404597
52 30 8535108
52 32 10859794
52 34 2426563
52 37 1944850
52 38 4733964
52 42 1271389
52 45 1651786
52 47 1805171
52 49 9483966
52 54 638379
52 55 11467807
52 57 8224186
52 58 11427290
52 62 199591
52 66 6899390
52 72 3593489
52 73 8478698
52 75 10763996
52 76 55563
52 77 3727608
52 79 2307376
52 82 6277357
52 83 1679343
52 85 11150012
52 86 8937502
52 87 6690364
52 89 11076481
52 90 8665679
52 91 11839050
52 94 503285
52 95 8588771
52 96 8704219
52 99 6651963
53 2 8336924
53 4 1899631
53 6 1206394
53 7 3791857
53 10 6891613
53 12 11053015
53 13 6400617
53 14 6935826
53 15 10460500
53 16 3569184
53 17 699949
53 18 9109989
53 21 8734213
53 24 6787049
53 25 4256378
53 26 11395153
53 27 11182000
53 28 2066291
53 29 4735164
53 34 5371318
53 40 7823489
53 42 6374861
53 43 8033624
53 45 3144143
53 48 9678305
53 49 5791708
53 50 3849143
53 51 4805532
53 56 5272337
53 58 6455253
53 60 3691994
53 61 1960806
53 64 10110888
53 65 11652521
53 66 3331812
53 67 6002081
53 68 7346071
53 70 10222398
53 72 3179975
53 73 1110445
53 76 2253400
53 78 5957644
53 80 10038712
53 81 2646134
53 83 4305125
53 88 10731142
53 89 962982
53 91 2515739
53 93 4112289
53 94 10505188
53 97 5285940
53 98 473357
54 5 4178798
54 6 818153
54 8 5376035
54 9 1342786
54 10 11334809
54 11 10966878
54 15 8973530
54 18 24287
54 19 5973565
54 20 10108911
54 21 11930971
54 22 475358
54 25 7247186
54 28 1991557
54 32 468975
54 35 10994437
54 40 1349429
54 41 9261684
54 43 2719718
54 45 6535361
54 47 4584313
54 48 4377446
54 49 1693978
54 53 72831
54 57 12042657
54 60 10012445
54 64 10344165
54 65 9413278
54 67 721702
54 68 4009308
54 69 1790288
54 70 5806233
54 71 8525050
54 72 4971891
54 76 6354182
54 77 12233289
54 78 209920
54 83 9296674
54 84 5976617
54 87 6099566
54 88 474161
54 92 11195140
54 96 5304054
54 97 11401151
54 98 2783436
54 99 119720
55 0 1720626
55 4 11084868
55 7 11548299
55 8 5179245
55 9 7731332
55 10 4890868
55 12 395779
55 13 10348528
55 14 6869396
55 15 11767086
55 16 7912206
55 17 12243383
55 18 4845817
55 19 5554779
55 20 1514699
55 29 2351740
55 30 10459777
55 33 11328458
55 34 8744701
55 36 5401484
55 39 901204
55 40 1165852
55 42 5370070
55 43 8792357
55 44 11967243
55 45 7894343
55 46 4936869
55 50 8718255
55 53 4443411
55 54 4907819
55 56 6960652
55 57 592883
55 62 5787161
55 66 10172076
55 67 7226546
55 68 1394484
55 70 3038588
55 73 6733924
55 74 11718961
55 81 1431676
55 84 10919640
55 85 1272096
55 87 7098909
55 90 8519943
55 91 940920
55 93 3866379
55 95 11344108
55 96 10577307
55 97 8426479
55 98 604188
56 0 5154390
56 1 8015140
56 2 9606402
56 5 2406178
56 6 1394204
56 8 9174889
56 9 10843750
56 10 8681292
56 11 4364678
56 12 3115342
56 17 4091832
56 18 5549318
56 19 8589025
56 20 10774176
56 22 11493778
56 25 9706861
56 27 3479351
56 28 2944852
56 29 1909144
56 30 10708572
56 32 7112331
56 33 4958822
56 36 10178073
56 37 3699414
56 39 10395999
56 41 3473988
56 42 7934193
56 43 5919065
56 44 7223342
56 48 1742835
56 51 6893136
56 53 7660783
56 55 2914216
56 57 10626665
56 58 3627065
56 59 11761101
56 60 3983692
56 61 5737737
56 63 10956016
56 64 10762131
56 65 4721084
56 71 153986
56 74 3137958
56 76 6940128
56 78 5716099
56 79 7911485
56 80 5391030
56 82 1337461
56 84 4361995
56 88 7304106
56 89 8367002
56 90 10809883
56 91 10992934
56 92 6539131
56 93 10126891
56 95 6510977
56 97 2484290
56 98 4429277
57 0 5692720
57 2 9363280
57 3 3731109
57 4 4236431
57 6 5505271
57 13 3620101
57 14 4852101
57 15 10137650
57 20 11506587
57 24 8451683
57 25 8891922
57 29 1988400
57 31 5259979
57 34 10530038
57 37 5378150
57 39 9803147
57 40 10801945
57 42 2402537
57 43 10127419
57 45 8098201
57 46 994912
57 52 1889521
57 53 1313306
57 54 6995292
57 60 6444013
57 62 11787611
57 65 10532313
57 66 8194119
57 73 1947853
57 75 9243410
57 76 990989
57 77 4050201
57 78 7303884
57 79 2377134
57 80 4243981
57 81 5846122
57 82 11018659
57 83 9771939
57 85 1693881
57 89 10297285
57 94 12025626
57 99 2841536
58 1 5898801
58 3 467216
58 4 7663692
58 5 10427052
58 8 3053618
58 10 11146240
58 11 11179602
58 12 10922804
58 13 8456757
58 14 7258465
58 15 615356
58 17 9182042
58 19 763995
58 20 4451782
58 25 3950227
58 27 433155
58 28 10501702
58 29 4535241
58 30 7176659
58 32 9454601
58 36 9189856
58 40 3405146
58 42 7488900
58 43 2891797
58 44 7758490
58 46 11603388
58 47 8211469
58 51 6124034
58 53 11010744
58 55 9466742
58 57 145395
58 59 5423029
58 60 10491452
58 61 2701108
58 62 5624873
58 64 6279258
58 65 9111101
58 69 7640149
58 70 4163156
58 73 1399180
58 74 9237970
58 76 7138018
58 77 2282503
58 78 3022080
58 84 4828178
58 85 8323804
58 87 3334890
58 89 3726748
58 91 6985058
58 92 12293
58 93 11880791
58 94 3244826
58 96 7084387
59 2 5999467
59 3 6629157
59 6 11791211
59 8 5217879
59 9 2501815
59 11 1611225
59 17 3552548
59 18 173962
59 22 7923735
59 23 11033813
59 24 9352580
59 25 1732390
59 26 5724807
59 30 5172901
59 31 5317408
59 32 2919226
59 35 7101017
59 36 9445959
59 39 286829
59 40 7488639
59 41 3756952
59 42 4751606
59 44 4978827
59 45 612358
59 46 7751161
59 47 3966323
59 49 8550101
59 50 4797156
59 51 7160331
59 52 2033376
59 53 7192397
59 54 6364788
59 55 6751926
59 60 4842031
59 64 6548250
59 65 6647595
59 68 6297236
59 71 6631254
59 73 11088242
59 74 7844576
59 76 8257859
59 77 10909782
59 79 3838808
59 80 10357834
59 88 8025548
59 90 878996
59 92 6029072
60 0 10061267
60 1 2710345
60 3 4041205
60 5 2929331
60 7 5177244
60 11 8724646
60 14 11432754
60 15 10111564
60 17 3002131
60 20 5727232
60 21 8217974
60 24 741069
60 25 6559869
60 30 4689425
60 31 8943893
60 33 2563352
60 36 6172888
60 37 8180423
60 38 1864260
60 40 3598645
60 42 6920134
60 47 1527737
60 48 10895146
60 49 11770491
60 51 7715978
60 52 5843776
60 53 5000804
60 55 10001643
60 57 11945511
60 58 11210948
60 59 10920872
60 61 6317207
60 64 8414314
60 66 2043657
60 67 8897130
60 70 4855874
60 71 5524412
60 72 7790761
60 73 2761593
60 75 4094792
60 76 1055841
60 77 7559925
60 82 3954033
60 83 2291926
60 84 9925413
60 86 785400
60 87 6192076
60 90 9970446
60 91 11634415
60 92 3949820
60 99 9551664
61 1 2549596
61 2 660327
61 3 11422679
61 4 4509003
61 5 756663
61 9 2743546
61 10 10075946
61 11 2467794
61 15 9892190
61 16 12071622
61 18 4719807
61 19 4249920
61 21 4414265
61 22 2946724
61 23 10062569
61 24 1037024
61 25 9226659
61 26 9926312
61 30 7355533
61 36 6993411
61 37 9101798
61 39 8509052
61 42 243455
61 49 6969307
61 50 9412825
61 51 6367978
61 56 6101693
61 59 11111465
61 60 5281631
61 64 3163808
61 65 7245627
61 67 5599407
61 69 11005465
61 71 10679976
61 72 429446
61 75 5906889
61 76 1567722
61 77 2989982
61 79 9097942
61 82 3106855
61 85 10271193
61 89 6464184
61 90 11029397
61 93 4521630
61 97 11237127
62 0 375470
62 1 9491858
62 3 9363755
62 7 1095285
62 10 5681111
62 11 8182862
62 12 8467114
62 14 5934013
62 16 2532858
62 17 4816812
62 19 2100440
62 24 10439095
62 25 5294482
62 27 4605235
62 29 5521091
62 30 5297114
62 31 1047363
62 35 4231593
62 37 2900140
62 39 11155043
62 40 7441188
62 43 5805572
62 44 3929187
62 46 462151
62 47 601530
62 48 719630
62 50 10989561
62 52 2655462
62 54 4111221
62 56 8453148
62 57 3197734
62 58 201616
62 60 5708363
62 64 4665282
62 66 5306600
62 72 50913
62 73 12048297
62 75 3892013
62 76 2256019
62 80 7477009
62 82 1234479
62 83 238706
62 86 4043325
62 88 541703
62 96 8854283
63 1 9648550
63 2 3149899
63 3 6797613
63 4 11278115
63 7 11150727
63 11 11552542
63 12 9680883
63 14 7701235
63 15 9394378
63 16 6267995
63 18 4070166
63 25 4110808
63 26 7821553
63 29 6951431
63 30 10904618
63 32 4680166
63 35 6198489
63 36 6939783
63 41 5026540
63 42 1420297
63 44 2106147
63 45 1784571
63 47 5683212
63 49 3804210
63 51 9700825
63 54 9208980
63 57 1788231
63 58 3921145
63 62 11377634
63 66 3307894
63 70 6623745
63 72 23817
63 73 1659654
63 74 9073341
63 75 2054946
63 78 11476547
63 80 3517207
63 82 6900273
63 84 8971918
63 85 1511207
63 89 992546
63 90 1355714
63 91 942981
63 93 5957008
63 94 1162916
63 96 2817678
63 97 1777003
63 99 4296493
64 1 3594185
64 2 11939430
64 4 5841540
64 8 11763394
64 9 9445710
64 11 2437656
64 13 8402432
64 15 3570556
64 17 8394625
64 18 5786387
64 19 1941342
64 20 6058086
64 21 11334617
64 22 11876782
64 23 5239758
64 24 10112901
64 30 7017162
64 33 11563298
64 35 10892179
64 43 2977043
64 44 465502
64 45 6148785
64 46 1384195
64 49 9831969
64 50 3561134
64 51 9496702
64 52 11600881
64 53 5796257
64 55 9140995
64 57 10469110
64 58 7975412
64 61 9919903
64 62 614451
64 63 2379488
64 65 9047764
64 66 9351574
64 67 12174623
64 68 7254654
64 69 7675283
64 70 4262448
64 71 10949217
64 72 1998731
64 73 1936507
64 74 8866234
64 77 5061174
64 78 5676813
64 80 6091465
64 82 6570516
64 83 6061942
64 84 2718522
64 86 6083223
64 91 5364988
64 93 1644964
65 0 8800860
65 3 8444722
65 4 4814354
65 5 5603732
65 6 12098015
65 8 4791912
65 10 6921038
65 11 5366691
65 13 9695538
65 15 10027405
65 18 2162959
65 20 4570657
65 21 3700445
65 22 1085494
65 23 7492809
65 24 1925253
65 26 4287760
65 29 7975594
65 30 11262645
65 33 8968907
65 37 11853776
65 38 3780282
65 39 4808607
65 42 7809269
65 43 8332451
65 48 444592
65 49 2101774
65 51 10818583
65 53 3329463
65 57 7154377
65 58 1954451
65 59 10841805
65 60 2283962
65 62 5569312
65 63 717443
65 64 1125431
65 66 6818521
65 67 7535637
65 69 10117328
65 71 7285901
65 77 5095443
65 78 4049249
65 79 11692153
65 81 11399998
65 83 5684804
65 85 11981315
65 89 3329658
65 93 10491871
65 94 11337088
65 95 6190855
65 97 5435978
65 98 5725050
65 99 3697549
66 1 2917025
66 2 6116122
66 5 4464895
66 8 3564749
66 10 6216562
66 11 4737414
66 12 4934557
66 13 9003426
66 16 11654592
66 17 12048849
66 18 10016828
66 19 5217314
66 21 5993583
66 23 6978968
66 24 2673804
66 25 5097762
66 28 1279779
66 29 11944038
66 31 6660949
66 32 1113322
66 35 2161424
66 36 11394
66 39 9766012
66 40 4942928
66 41 6381604
66 45 1189325
66 46 10781789
66 49 7389528
66 50 6706361
66 51 7331972
66 52 3293732
66 53 9293169
66 54 11328118
66 55 11464035
66 59 9567887
66 62 1096463
66 63 6932869
66 64 5134854
66 65 12171303
66 68 11722712
66 70 8504010
66 71 3842110
66 72 8605019
66 73 752112
66 77 7453701
66 78 2743875
66 79 9864841
66 84 3720718
66 86 2956098
66 88 9919422
66 90 9318577
66 94 2014502
66 96 3831334
66 97 11351264
66 98 1482526
67 1 303189
67 3 4906617
67 4 9880746
67 5 1661666
67 8 7597274
67 10 10132262
67 14 8233344
67 15 577186
67 16 5045444
67 17 9538431
67 18 3260478
67 23 1995661
67 24 743527
67 25 6807096
67 27 3317887
67 28 9269974
67 29 4061470
67 33 8057328
67 38 5083595
67 39 10190614
67 41 6581789
67 42 10926440
67 43 12201060
67 46 8360347
67 47 8106375
67 49 10544953
67 51 11364395
67 55 3824328
67 57 10234083
67 58 8511116
67 59 4908115
67 60 7752123
67 68 11676346
67 71 1777786
67 72 8657406
67 74 6796351
67 75 10265767
67 76 1129418
67 79 9432996
67 80 3833850
67 81 504426
67 83 9627179
67 84 11729811
67 86 1823028
67 89 1242733
67 91 4651792
67 95 6113986
68 0 3541733
68 3 10044601
68 4 6671116
68 6 2244704
68 11 10770229
68 12 1330623
68 13 481657
68 14 11288050
68 15 3106340
68 17 1487384
68 19 2395214
68 24 7816376
68 25 5934345
68 27 6487494
68 28 1204800
68 29 11670322
68 31 7485012
68 32 12151649
68 33 9346923
68 35 504599
68 37 10114931
68 38 6812329
68 43 3189009
68 44 1585816
68 47 5270893
68 49 10885997
68 54 9956457
68 60 2281640
68 61 8979234
68 64 3691863
68 65 2492092
68 66 9486850
68 67 9732670
68 72 9855670
68 75 6819538
68 77 3658393
68 79 9260841
68 81 7043406
68 82 5709311
68 83 7293827
68 86 7692603
68 88 4680052
68 90 8073235
68 92 9425908
68 94 8971386
68 97 11287949
68 98 11199167
68 99 4656427
69 0 1476248
69 2 7856137
69 3 11451742
69 7 12100574
69 11 4968631
69 12 1470955
69 13 11309533
69 15 4818810
69 16 5553904
69 18 2270776
69 19 2456871
69 20 6788723
69 23 7944241
69 24 8174370
69 25 374219
69 31 1714957
69 32 7256712
69 34 3935351
69 35 5662713
69 38 5455920
69 40 2468953
69 41 10206785
69 42 8007249
69 46 9060744
69 47 9391697
69 53 9067305
69 54 9374681
69 55 3123817
69 57 1781881
69 59 9553068
69 60 8753268
69 63 10515716
69 67 217333
69 70 7895836
69 71 9816784
69 72 8514039
69 74 1094379
69 76 3232036
69 77 6134143
69 78 7483025
69 79 2059762
69 80 6960614
69 84 10557361
69 85 6244648
69 87 9038531
69 91 5128114
69 92 11260535
69 93 11148610
69 95 5394766
69 96 8115516
69 97 110194
69 98 2267164
69 99 1043318
70 2 5009223
70 4 1853797
70 5 7437927
70 7 8815928
70 8 132624
70 10 6857544
70 11 9489210
70 12 10321853
70 15 9655415
70 16 4761015
70 21 3587675
70 24 4181017
70 26 4134897
70 27 4158019
70 29 7866120
70 30 6751423
70 32 925605
70 33 2572880
70 37 2412754
70 40 436026
70 44 1544310
70 45 6373737
70 46 7613312
70 48 7920855
70 50 5179476
70 54 5654598
70 55 6646077
70 56 9770150
70 57 5404809
70 58 10868867
70 61 7843064
70 64 11567290
70 65 9646937
70 69 1972002
70 72 8870087
70 73 5265329
70 75 11461545
70 78 6146237
70 79 1534352
70 80 7278974
70 81 82133
70 85 3046555
70 86 2775923
70 91 11475847
70 93 8462464
70 94 7105654
70 96 7349870
70 97 5857186
70 98 10271703
70 99 4998776
71 0 6136614
71 1 3256051
71 2 2072298
71 3 6073172
71 4 8946107
71 6 4511742
71 7 12107589
71 10 6985663
71 11 10325123
71 14 10885496
71 16 931462
71 19 3559697
71 20 1408827
71 25 6284422
71 26 11144536
71 28 8830912
71 29 2543071
71 30 9383915
71 33 5145869
71 34 9956975
71 35 4166361
71 38 11336962
71 40 4885605
71 41 10980306
71 42 3348802
71 43 11288905
71 46 3008108
71 48 5669349
71 49 8713307
71 51 2538908
71 54 44998
71 55 12016613
71 60 6125158
71 61 2383555
71 62 1217410
71 63 7233455
71 64 2541872
71 66 3124408
71 68 3875690
71 69 9332577
71 70 10678019
71 72 917193
71 75 2855613
71 77 224272
71 78 7299617
71 79 9880759
71 83 8517146
71 85 6486291
71 86 8608178
71 87 3696447
71 88 1495656
71 89 9084835
71 90 6933542
71 91 8867827
71 96 400150
71 99 4117652
72 1 3576979
72 2 9028744
72 6 3730950
72 8 5307430
72 10 7572997
72 12 4205314
72 14 5655077
72 16 889592
72 19 2753801
72 20 3368361
72 21 1048130
72 23 1150149
72 24 9504809
72 26 7714617
72 27 1261684
72 30 129763
72 31 9942740
72 33 1891069
72 35 3295574
72 37 4570459
72 38 5292826
72 40 9145929
72 41 4562203
72 42 6005987
72 45 1177459
72 46 7816433
72 47 6854121
72 48 333721
72 49 9927247
72 50 7087263
72 61 7891455
72 62 11103603
72 66 2656400
72 68 8481467
72 70 2869589
72 71 2916235
72 73 3376300
72 74 8275584
72 75 11613145
72 78 4099186
72 84 9871335
72 85 7722632
72 86 264633
72 88 6590350
72 89 2531918
72 91 3943901
72 94 10736697
72 96 7583595
72 97 674511
72 98 9485660
72 99 7619783
73 1 8370456
73 2 8387368
73 6 7490751
73 9 3787196
73 10 10143739
73 11 10432323
73 12 10088355
73 19 8824850
73 20 5277388
73 22 2855621
73 23 494454
73 24 7199144
73 25 11588767
73 27 364657
73 29 4231566
73 30 6512428
73 32 9884731
73 34 2624664
73 40 6062378
73 43 2924924
73 45 7165559
73 46 3607792
73 47 169054
73 49 9447923
73 52 131343
73 53 2855116
73 54 4336425
73 56 7593310
73 58 3256348
73 62 9524744
73 63 3584492
73 65 10699658
73 67 793192
73 68 481079
73 69 5135993
73 71 6163660
73 72 4113854
73 74 1529535
73 75 10636856
73 77 11621964
73 78 5936783
73 80 10486013
73 82 228777
73 83 7072645
73 84 10848595
73 85 4497100
73 86 252489
73 88 5907313
73 90 8201145
73 91 2675966
73 93 2617791
73 94 4823823
73 97 3824263
73 98 7932051
74 0 9005473
74 1 11905846
74 4 10715801
74 6 6930116
74 9 7607505
74 12 9046598
74 14 10162247
74 16 11787149
74 17 11138472
74 18 3961551
74 19 4696686
74 21 3361044
74 22 9595351
74 23 10034712
74 26 11284698
74 27 10919772
74 28 1472155
74 30 6572659
74 31 3671281
74 32 2843691
74 36 10548998
74 37 2546406
74 38 2229947
74 39 7044241
74 40 6874912
74 41 11382107
74 42 4327678
74 44 10574071
74 45 6455311
74 46 5212663
74 47 4618288
74 48 205723
74 49 6602042
74 50 9822052
74 52 9670409
74 53 6554431
74 55 11187160
74 58 1307304
74 59 9275552
74 60 7484759
74 62 8065264
74 63 7193710
74 64 8934835
74 65 106516
74 66 250806
74 68 11375731
74 71 8831836
74 80 8243337
74 82 2554467
74 83 5513390
74 86 10023183
74 87 1259921
74 88 11394125
74 89 9442582
74 90 11824441
74 93 9500940
74 95 7380185
74 96 2811321
75 2 3438371
75 3 1164732
75 5 2531751
75 6 6756637
75 8 1519091
75 10 93789
75 12 8306587
75 13 6823767
75 14 3924605
75 18 2793103
75 22 1337494
75 24 5987794
75 25 12101645
75 27 1154936
75 29 11004206
75 30 7813515
75 32 4883965
75 34 11331002
75 35 10337749
75 36 11731595
75 39 7913137
75 41 6630782
75 44 10501268
75 46 9484713
75 48 6164900
75 52 1157047
75 53 8882968
75 58 3553084
75 59 9282409
75 60 5986514
75 63 8082237
75 66 9241649
75 68 7143277
75 70 8364678
75 71 9708030
75 72 153927
75 73 4259026
75 76 2058152
75 79 2237117
75 83 1724755
75 84 7078518
75 85 2885048
75 86 10661989
75 88 7073892
75 90 729172
75 91 33397
75 93 11463727
75 95 4646438
75 97 10514
76 2 7052766
76 6 8008675
76 7 177177
76 9 8337031
76 13 6527244
76 17 11867067
76 19 9845906
76 20 7329790
76 21 10988572
76 23 420969
76 24 563554
76 25 5857113
76 27 9780515
76 30 7487315
76 34 7785821
76 35 3302546
76 36 7790139
76 37 5834121
76 38 1475053
76 40 8271472
76 41 7954763
76 42 373100
76 43 12214191
76 46 9873319
76 47 574539
76 48 4362124
76 49 2771026
76 50 1465195
76 52 3254963
76 53 4015953
76 57 2982401
76 62 5553151
76 65 6636611
76 67 1640849
76 68 3827226
76 70 833159
76 71 6361265
76 80 9876570
76 81 11973512
76 82 344895
76 83 3810785
76 84 7301510
76 88 10785106
76 89 4244818
76 91 10998117
76 93 6289108
76 94 5188497
76 97 5082041
76 99 8706833
77 0 2501901
77 5 4671748
77 6 11646193
77 7 8827146
77 8 5113955
77 10 2535248
77 11 5926271
77 13 12146929
77 14 10653623
77 16 11734205
77 17 8065295
77 20 2935879
77 22 5750522
77 23 2360200
77 24 5239177
77 25 7042559
77 26 10736921
77 29 964159
77 30 998747
77 31 7390615
77 33 10858550
77 34 3170256
77 37 3611329
77 40 9163210
77 42 8556039
77 43 11737197
77 48 9735682
77 49 4333096
77 54 2117204
77 55 5271472
77 57 2321497
77 58 8786672
77 59 592337
77 61 6020787
77 65 11221666
77 67 3103488
77 69 2184317
77 71 12064392
77 72 11832604
77 74 8887667
77 75 5859183
77 76 8916386
77 78 3078630
77 80 10305048
77 82 138637
77 84 9689218
77 86 2086491
77 87 5533299
77 88 7850636
77 90 499187
77 91 6865130
77 92 370269
77 93 10191715
77 97 11746938
77 98 6120822
77 99 2094589
78 0 5564018
78 2 1075541
78 5 2793590
78 7 12061539
78 8 1693177
78 9 152874
78 12 3200348
78 14 5302954
78 20 5966732
78 22 2693509
78 23 9568555
78 28 5267640
78 30 9338523
78 31 6167106
78 37 7106368
78 38 6941220
78 40 7145818
78 43 11935594
78 46 10473825
78 49 9720695
78 51 11901917
78 52 188326
78 53 4888657
78 54 10727379
78 56 5787436
78 57 5082333
78 59 7670886
78 63 11267916
78 64 8914592
78 68 1895083
78 71 11179013
78 72 4798243
78 73 9825222
78 74 3094113
78 76 722285
78 79 9857790
78 83 7529354
78 84 8394285
78 85 11051985
78 87 1718542
78 88 3056672
78 94 8235136
78 96 7469109
78 98 2836192
79 1 4619090
79 4 11307281
79 5 1398755
79 6 7118497
79 7 327985
79 8 11364833
79 9 2355044
79 10 3591435
79 11 4035085
79 14 7161943
79 16 4249465
79 19 6359800
79 23 2992679
79 31 7699517
79 34 11779478
79 35 4044738
79 36 4525240
79 39 5197392
79 40 10219766
79 42 8683380
79 44 4170788
79 50 10832021
79 51 10256489
79 55 2585950
79 56 2523033
79 60 3526870
79 61 5340414
79 62 11051891
79 63 1857739
79 71 9024051
79 72 5154680
79 73 3853078
79 76 7369264
79 77 3761284
79 80 2303296
79 81 892322
79 82 5804942
79 83 4105595
79 88 10254357
79 90 772807
79 94 8943977
79 95 5023750
79 96 8085920
79 97 10816398
80 2 10659628
80 4 3266090
80 8 3208291
80 10 4803634
80 13 1689864
80 16 9334601
80 17 11627709
80 18 5119321
80 21 7918061
80 22 4864960
80 25 5924713
80 27 11606424
80 35 9836865
80 36 8503140
80 38 114311
80 41 512684
80 42 12130506
80 44 8261944
80 46 3705674
80 48 57509
80 50 31011
80 53 7511928
80 54 5580183
80 56 9479781
80 57 1201035
80 58 6405680
80 61 4418964
80 64 8755299
80 66 6805184
80 67 10090487
80 69 7562614
80 71 6612494
80 73 5527502
80 74 570597
80 76 3504542
80 77 5721542
80 81 95674
80 83 7287471
80 87 1836896
80 89 2083577
80 90 2940001
80 92 971719
80 93 12164745
80 94 11118458
80 95 2364392
81 1 1045440
81 5 9317400
81 7 7469371
81 10 5723888
81 11 10126537
81 17 8652889
81 18 6104161
81 19 6734697
81 21 12196836
81 22 5095812
81 23 11370412
81 25 3750563
81 26 10167129
81 28 4554415
81 29 8176365
81 32 6847732
81 34 4472322
81 35 6356682
81 37 301809
81 38 7268367
81 39 11817559
81 40 8941618
81 42 6473871
81 44 7470981
81 47 3318116
81 48 1679466
81 49 7170328
81 50 2754815
81 51 9031681
81 53 1001619
81 55 12005231
81 59 11501239
81 60 7311103
81 63 6525632
81 64 2409778
81 66 8122677
81 67 11179151
81 70 5929974
81 71 11703652
81 73 9800166
81 74 4606671
81 77 4301192
81 79 10387206
81 80 512351
81 82 848014
81 83 5963813
81 84 8715467
81 85 2563258
81 86 8312420
81 87 9926880
81 89 3011794
81 92 7168418
81 93 2099356
81 95 8139313
81 97 1103093
81 98 12031738
82 1 4234291
82 2 8772608
82 6 708367
82 9 9942849
82 11 3524898
82 15 9603599
82 18 1502637
82 19 2710879
82 22 1180739
82 23 4877296
82 25 6131076
82 30 1139720
82 31 10147950
82 32 9623136
82 33 4126404
82 34 6241976
82 36 5857568
82 37 10215001
82 38 1649029
82 40 10853746
82 43 8969372
82 45 1025822
82 47 7513793
82 50 3152001
82 52 4237097
82 55 3099459
82 56 357883
82 58 676721
82 59 3248665
82 60 8924302
82 64 8327011
82 67 5468257
82 70 4065227
82 71 11093294
82 72 7455456
82 75 863510
82 77 1764354
82 78 3838798
82 79 3543186
82 85 5303574
82 88 11210821
82 89 11466913
82 90 9801207
82 91 4749046
82 92 3510141
82 94 11796233
82 95 7727792
82 97 6465028
83 2 8193814
83 3 2240348
83 4 1752795
83 9 7549979
83 10 8269069
83 14 2972664
83 15 6924683
83 16 2627077
83 19 4757708
83 21 5774106
83 25 6775537
83 26 10260942
83 29 5392401
83 30 10936260
83 31 5641061
83 33 4996843
83 34 3995699
83 35 4001966
83 36 6535865
83 37 1049393
83 38 5250158
83 39 10694266
83 42 10126162
83 43 8124515
83 44 5467354
83 46 10327795
83 47 617379
83 48 11965540
83 49 1016773
83 53 4906099
83 54 7943469
83 56 1420026
83 57 11119535
83 58 7778584
83 61 9165754
83 62 9685696
83 63 2743946
83 65 6319156
83 67 996767
83 69 10185601
83 71 9778351
83 74 9409674
83 75 11669748
83 76 7807716
83 77 10189372
83 79 7936449
83 82 8258966
83 84 2084361
83 86 9530087
83 87 11274921
83 90 11940830
83 92 5837626
83 95 5162735
83 96 2891105
83 97 10632431
83 98 9048172
84 0 3091945
84 7 11607362
84 11 11999907
84 12 7469897
84 14 10220773
84 19 3328508
84 21 8102725
84 23 8052137
84 25 1007349
84 30 970597
84 32 5800468
84 35 502825
84 36 374964
84 41 7615580
84 42 3963084
84 43 10743262
84 46 9148659
84 47 5010158
84 49 9179285
84 50 4298389
84 51 4968940
84 52 1523368
84 53 8907925
84 56 3536579
84 59 9617914
84 60 3446859
84 61 2789330
84 62 632169
84 63 1179244
84 64 10725338
84 66 10104667
84 71 5350874
84 72 7812201
84 73 11411684
84 74 7490526
84 75 1367957
84 77 4201775
84 79 12076818
84 80 11773298
84 82 579897
84 83 7359043
84 85 10463501
84 86 3528554
84 90 9006715
84 93 2165321
84 95 4940740
84 97 8842006
84 98 3413995
85 0 8167038
85 2 11243985
85 3 5174660
85 5 10929325
85 6 6281899
85 9 9490671
85 10 10787166
85 11 11363500
85 15 3963297
85 16 6986170
85 17 10554104
85 21 2774616
85 22 11218893
85 24 1207474
85 25 5477919
85 26 1254243
85 29 4078458
85 31 8289840
85 33 6315014
85 34 8376695
85 37 7611653
85 38 3008038
85 39 8776783
85 41 9023967
85 44 4678228
85 46 6706127
85 48 9866835
85 51 7250614
85 54 10740435
85 56 2262347
85 57 11319114
85 59 1213837
85 60 412450
85 62 9601482
85 64 10080995
85 66 10463494
85 67 7774336
85 69 4414019
85 70 5980424
85 71 11517041
85 72 9180593
85 73 4921633
85 74 882070
85 77 5175951
85 80 6302021
85 81 8883029
85 83 200587
85 84 10782975
85 88 774779
85 90 2535222
85 91 6801772
85 93 9650271
85 95 4305238
85 96 6300321
85 99 5854108
86 2 9245128
86 4 11150142
86 6 3715940
86 14 10688570
86 15 8124347
86 18 6397478
86 19 6728209
86 21 12186102
86 22 5210247
86 24 3506449
86 25 3680574
86 26 8244645
86 27 5707690
86 28 3133784
86 30 7983425
86 32 4011753
86 33 10682498
86 35 7205195
86 36 1337515
86 37 5976171
86 40 7640616
86 43 3308721
86 47 8872354
86 48 4975610
86 51 6703846
86 52 8463151
86 54 2770754
86 55 513932
86 56 5422698
86 58 6725922
86 59 9809335
86 60 1480896
86 61 11273547
86 64 8081735
86 65 3270064
86 69 8218178
86 72 10598093
86 73 11814112
86 74 3645056
86 76 983913
86 77 1826
86 84 786195
86 87 2062832
86 89 817856
86 90 11219700
86 91 1561441
86 92 5829729
86 93 11395875
86 94 3290598
86 95 3933472
86 97 2471233
86 99 4490879
87 1 11122535
87 2 5027401
87 3 6024229
87 4 6480653
87 5 5908194
87 8 4046056
87 14 5140088
87 15 3253441
87 16 9844199
87 19 7370236
87 20 6311915
87 22 9717534
87 29 7344222
87 30 3278019
87 31 1173968
87 32 11902433
87 34 1281761
87 35 11840506
87 38 11187429
87 40 8273120
87 41 8039052
87 44 8402906
87 45 9014637
87 46 9287472
87 48 4993803
87 50 11658018
87 54 4321018
87 56 2521252
87 60 8759443
87 61 7139451
87 65 1123168
87 68 291209
87 69 11815966
87 70 8280301
87 71 3614736
87 72 7660876
87 76 5606818
87 78 1785916
87 79 2960503
87 82 9894490
87 84 10473686
87 86 4132011
87 88 10218732
87 90 10491009
87 91 10834709
87 93 4050305
87 94 11917708
87 95 4578378
87 98 5373674
88 1 1462935
88 2 1983945
88 3 2146864
88 5 8029947
88 8 11267732
88 9 5913945
88 10 9992272
88 12 10445109
88 13 2963385
88 14 5335378
88 20 4169276
88 21 1059606
88 22 609482
88 24 10389837
88 25 10308787
88 26 12008256
88 27 2472230
88 28 1682087
88 29 7259530
88 33 2726394
88 34 4684805
88 36 9235620
88 37 5070470
88 39 9865872
88 40 3609458
88 46 5793191
88 49 276588
88 50 3610032
88 51 11741003
88 55 9802732
88 57 4135557
88 58 4585941
88 59 9470117
88 62 5734632
88 64 4257692
88 68 9506592
88 69 10878344
88 72 3655800
88 73 1474914
88 80 8083676
88 82 5248161
88 85 2787420
88 87 5251610
88 91 2846764
88 95 12207665
88 96 6702588
88 97 11963284
88 98 4701029
89 1 3043663
89 2 2189819
89 3 639598
89 4 5455204
89 7 3989284
89 9 6557247
89 12 10196148
89 16 154770
89 18 9309095
89 19 2230074
89 21 4175430
89 22 6017436
89 23 10046710
89 28 11166224
89 29 4022540
89 30 6802025
89 31 1245289
89 32 3973364
89 33 5071078
89 36 6063260
89 37 6801338
89 38 8763255
89 39 7019528
89 40 2579165
89 41 9635758
89 42 8245277
89 45 6685706
89 46 1116810
89 47 1357648
89 49 4689272
89 51 11340097
89 52 1404636
89 54 2352774
89 57 4488782
89 59 8292439
89 60 4404643
89 61 2176001
89 64 3226688
89 66 8203684
89 68 7893173
89 71 875665
89 73 3988942
89 76 7292395
89 77 1925692
89 82 4111614
89 84 9349008
89 85 6583553
89 87 6333786
89 90 6330820
89 92 4103535
89 96 145937
89 98 10930780
89 99 11717336
90 1 905365
90 3 4156444
90 4 5116225
90 6 9640771
90 7 7493381
90 12 10566910
90 15 358513
90 20 1826942
90 24 9598332
90 25 339220
90 28 2731191
90 29 7716268
90 30 6636544
90 33 61627
90 34 7587610
90 36 11438686
90 37 9262462
90 39 10246062
90 42 917782
90 43 10595254
90 46 4464236
90 47 5978291
90 49 10175172
90 52 6962234
90 56 2597733
90 58 11304672
90 63 11803711
90 65 6750545
90 68 4589687
90 69 4260150
90 70 8587199
90 71 5416958
90 73 4695478
90 75 5925713
90 77 11153669
90 78 6517320
90 82 9916051
90 83 8597675
90 85 9947965
90 88 4541251
90 89 7761397
90 93 58175
90 94 2131314
90 97 2832106
91 0 10591305
91 1 3423688
91 4 396876
91 6 2517240
91 7 4560642
91 8 559061
91 9 11188571
91 11 6857972
91 15 9174971
91 16 6317684
91 17 9001710
91 18 9102048
91 19 5623920
91 22 2354514
91 23 3544981
91 24 4775740
91 27 9308362
91 31 8923847
91 32 7571507
91 33 812868
91 35 2894605
91 38 9021700
91 40 10327611
91 41 466512
91 42 2397047
91 46 3774435
91 47 10405678
91 50 3352575
91 51 6986130
91 53 5387865
91 55 1503391
91 56 6701465
91 58 8387055
91 63 9885908
91 65 5924733
91 66 10187840
91 69 11431787
91 73 6485663
91 75 2547019
91 76 11716689
91 78 5093801
91 79 4793802
91 80 11748439
91 82 4079187
91 85 3514031
91 86 3692900
91 87 594565
91 89 4447377
91 90 6210528
91 92 9639250
91 95 4969914
91 96 9934542
91 97 6661430
91 98 578943
92 4 7688681
92 8 7284472
92 12 4533333
92 13 10614938
92 14 7480933
92 15 6342123
92 16 11867154
92 17 11959928
92 18 6847933
92 19 8387095
92 20 6640501
92 23 1928203
92 24 12029474
92 26 10916342
92 28 693009
92 29 4314125
92 30 5094355
92 32 10286690
92 33 4733606
92 34 5520961
92 35 942336
92 37 7433161
92 38 3282755
92 42 5957373
92 43 9216762
92 44 10609235
92 46 9567019
92 50 8036955
92 52 12068365
92 53 443561
92 56 4223390
92 57 4051118
92 58 1716834
92 59 357617
92 63 8795211
92 64 7272978
92 66 9036232
92 67 7106735
92 69 9165335
92 70 12209981
92 75 7439624
92 76 8189765
92 77 2347476
92 79 953262
92 81 6551882
92 82 1984948
92 84 5296529
92 86 5643248
92 87 2691645
92 89 7069041
92 90 11494328
92 91 10875726
92 93 5574600
92 95 5193022
92 97 5255336
92 98 4153901
92 99 11195425
93 0 10130768
93 3 7267288
93 4 913953
93 5 2236077
93 6 4174034
93 8 9887504
93 9 331460
93 11 1122404
93 13 9742395
93 15 4017691
93 17 9337654
93 18 6410840
93 21 11336085
93 24 7314454
93 25 6349522
93 26 555614
93 27 8823602
93 32 4912500
93 33 61507
93 35 9271836
93 37 5600468
93 42 8418112
93 48 6702001
93 50 5619701
93 54 4799508
93 57 6262266
93 62 11476160
93 63 3390843
93 64 509170
93 68 5391603
93 69 10359003
93 70 6310374
93 76 2829777
93 78 599354
93 79 8154804
93 80 10991041
93 81 7206676
93 82 6556870
93 83 6420134
93 84 2668265
93 86 116333
93 89 180244
93 94 9229979
93 96 3849214
93 97 6474976
93 98 10650212
94 2 10596985
94 3 3137921
94 4 6671280
94 6 6845159
94 7 11104616
94 10 9261036
94 12 8611366
94 13 4656136
94 14 12020627
94 18 1530280
94 19 9214504
94 20 3577314
94 22 4529221
94 23 11841914
94 24 6127270
94 26 10300753
94 27 9481025
94 28 4717429
94 29 11152675
94 30 6574169
94 33 8557135
94 34 11169721
94 35 4380628
94 39 1646627
94 43 9374609
94 44 11640301
94 45 3267525
94 46 11451510
94 47 417368
94 48 11963495
94 49 10441966
94 50 3447195
94 52 9864848
94 53 10555563
94 57 6638492
94 60 6561577
94 61 1040705
94 63 2164671
94 64 8872593
94 65 3152311
94 73 4242506
94 77 79184
94 79 12193596
94 80 3138288
94 83 9135218
94 87 4197901
94 95 11186386
94 97 1417825
94 98 8529163
95 0 1819330
95 1 8484055
95 6 5282217
95 7 5635929
95 10 3285288
95 11 2105446
95 13 9506145
95 16 11992084
95 19 3550077
95 20 2915236
95 21 9952661
95 22 3923061
95 24 5564559
95 30 9289351
95 31 1147660
95 34 7288580
95 37 8377542
95 38 911395
95 39 5501837
95 40 11475172
95 41 4691404
95 42 12216166
95 43 11608757
95 45 3792915
95 46 7201547
95 48 4439
95 50 5144601
95 54 5595082
95 59 11160590
95 60 405180
95 63 4124271
95 65 1470779
95 67 11938942
95 74 8123060
95 75 11771242
95 76 9365944
95 80 11096797
95 81 3755956
95 82 1776870
95 83 679409
95 85 8806003
95 86 3542026
95 88 6744667
95 89 10082223
95 90 6716429
95 91 3621221
95 92 739668
95 93 9769009
95 96 7113907
95 97 8690910
95 99 341506
96 0 11889692
96 1 5811335
96 3 5932451
96 5 8638160
96 10 6101536
96 13 4656234
96 14 689105
96 15 4007891
96 16 2996308
96 17 4429841
96 18 12182948
96 21 3405353
96 22 1572421
96 23 8858994
96 25 7252506
96 26 12175544
96 27 5319724
96 28 9142488
96 29 4168297
96 30 7199755
96 31 4344618
96 33 3787438
96 34 2062456
96 38 4267897
96 39 1096822
96 40 1760672
96 41 5252633
96 43 7768542
96 45 9272759
96 46 8835780
96 49 4036527
96 51 3843745
96 53 4784609
96 54 8771411
96 56 3993010
96 58 6424190
96 60 11004737
96 63 6909957
96 65 6272622
96 67 2623705
96 69 9544021
96 70 7100328
96 71 5801283
96 73 8185244
96 75 10949112
96 77 11528200
96 79 644149
96 80 7568434
96 83 3097925
96 84 5656227
96 85 2546425
96 86 2600986
96 87 7964271
96 88 1007242
96 89 7010673
96 90 12238809
96 94 9469255
96 99 2688105
97 0 1937957
97 3 10364017
97 4 8690196
97 6 3676887
97 8 926238
97 10 6910273
97 11 5966482
97 14 9282952
97 15 2260171
97 16 7333553
97 17 9181863
97 24 3179083
97 27 501289
97 29 10577738
97 32 1563258
97 41 1128100
97 46 6525119
97 48 721945
97 52 7928247
97 53 1282959
97 55 4201003
97 56 3158403
97 58 7760499
97 60 1972987
97 61 10519979
97 64 8768427
97 65 1998105
97 67 5785622
97 68 7767958
97 70 5778265
97 71 5313586
97 72 4276989
97 75 7289781
97 80 10011609
97 81 709694
97 84 4042291
97 86 6272524
97 88 6200156
97 89 2950007
97 90 3091390
97 91 8473018
97 92 669627
97 93 6767642
97 94 3064324
97 96 2876015
97 98 9122162
97 99 7507336
98 0 9115662
98 1 8694408
98 3 10849761
98 4 8735816
98 5 4931082
98 11 3478610
98 12 10156531
98 15 5729051
98 16 11057515
98 17 5982665
98 19 8086538
98 21 5356610
98 26 2473122
98 27 2997393
98 29 1966443
98 33 4595919
98 34 7069865
98 37 690719
98 41 8819136
98 43 2100199
98 46 3537599
98 47 306285
98 49 4539811
98 50 6587197
98 56 6995287
98 58 11259245
98 61 1830646
98 64 9315688
98 65 7165965
98 68 189602
98 74 5642281
98 75 10482802
98 76 5110837
98 77 4089350
98 79 9742803
98 81 1241301
98 83 11052174
98 84 6167863
98 85 7681877
98 88 7649306
98 89 11990939
98 92 2213913
98 95 5524017
98 97 3248252
98 99 8996388
99 0 7276921
99 1 10219098
99 2 4664271
99 3 5565453
99 4 5979688
99 5 7060600
99 6 9855573
99 7 11622190
99 9 3120796
99 12 8514003
99 14 8241367
99 19 12162198
99 20 1011312
99 24 11260664
99 25 11971917
99 26 4628324
99 27 5151623
99 31 1936459
99 32 855762
99 35 694125
99 38 840964
99 39 10186851
99 40 10796362
99 41 9844651
99 45 5593713
99 46 10094970
99 47 7049899
99 52 7044961
99 53 10067401
99 56 12226041
99 57 1652385
99 60 10002075
99 61 11990318
99 62 882146
99 63 5069318
99 64 2641983
99 66 9347543
99 67 6921137
99 69 5076773
99 70 11566114
99 72 11412173
99 75 242423
99 84 1497536
99 85 3775791
99 86 11237337
99 87 2432091
99 88 7682458
99 92 6502541
99 98 7955276
