100 2300
0 3 1538156
0 7 970077
0 15 707466
0 23 2449952
0 25 625046
0 34 349698
0 42 2068876
0 52 1266015
0 57 576050
0 58 563034
0 59 1167609
0 60 2584420
0 61 835050
0 64 409461
0 66 2387137
0 72 1839082
0 76 1396523
0 84 1919528
0 85 1580686
0 86 2297361
0 87 565548
0 88 1012295
1 11 1110208
1 19 598313
1 36 2468008
1 41 2094224
1 44 2119603
1 49 891495
1 50 2552832
1 52 1155424
1 53 2328984
1 59 1959574
1 61 2189486
1 69 731669
1 74 369488
1 75 698043
1 78 2491750
1 80 1570379
1 88 2195281
1 89 475682
1 90 865846
1 91 456568
1 96 2335474
2 1 488670
2 6 2615681
2 8 965313
2 18 1198806
2 22 2530034
2 29 998085
2 30 79766
2 47 246961
2 50 277635
2 53 1769257
2 57 1054840
2 58 1093893
2 64 1292310
2 66 609551
2 73 129792
2 77 1728231
2 79 144579
2 88 1263259
2 89 2011486
2 92 1553905
3 1 1958724
3 2 1682898
3 12 1636948
3 15 2483290
3 16 2575549
3 20 121019
3 22 125127
3 24 1963264
3 35 770077
3 36 2175469
3 37 1599327
3 66 997963
3 80 2365834
3 82 1776401
3 83 1935031
3 85 1010530
3 86 2529518
3 90 126952
3 93 815211
4 9 1805138
4 13 1193167
4 17 2077734
4 24 1082931
4 26 172457
4 41 170901
4 47 1927347
4 50 1775242
4 58 807835
4 72 297302
4 74 698994
4 79 1646178
4 86 964134
4 89 2411872
4 98 802017
5 8 1951113
5 10 1369199
5 13 388864
5 16 279349
5 19 888867
5 22 444473
5 30 2618830
5 41 2088455
5 50 1918061
5 55 255239
5 56 1156594
5 63 2360498
5 65 2558165
5 66 143551
5 73 189417
5 76 601824
5 89 382569
5 93 929576
5 96 1740267
5 98 413396
5 99 76058
6 1 1605131
6 3 1590561
6 5 1065686
6 7 1096010
6 9 2567826
6 15 2322238
6 16 1369515
6 18 2513024
6 19 396566
6 24 427924
6 28 1691409
6 30 2436457
6 40 2191124
6 41 1366193
6 45 913661
6 47 2231556
6 49 2002952
6 51 1149306
6 52 1252471
6 57 200024
6 58 177379
6 59 1154315
6 62 436293
6 64 2395572
6 65 24569
6 66 1424195
6 74 1085022
6 75 41402
6 76 306976
6 78 1460063
6 87 128344
6 88 1821748
6 90 1116191
6 92 1863434
6 94 1063746
7 1 236554
7 2 276938
7 9 1147352
7 13 1386473
7 16 668803
7 22 183276
7 26 1076461
7 30 2510884
7 33 91566
7 37 369729
7 40 1757165
7 44 1704976
7 46 1934606
7 48 209308
7 55 2060301
7 58 1340717
7 72 598405
7 80 1738565
7 89 2336145
7 90 1748483
7 99 2338822
8 4 2479534
8 9 2517899
8 11 128211
8 22 372696
8 23 425021
8 24 963727
8 25 1748184
8 27 548112
8 28 635278
8 32 922058
8 37 282266
8 42 1221316
8 43 502526
8 49 645313
8 50 1708227
8 51 2381207
8 52 2510608
8 53 611612
8 57 2017666
8 64 1037462
8 67 754784
8 75 1841226
8 76 1148769
8 80 988583
8 83 999975
8 85 2506930
8 87 1210877
8 91 1732228
8 92 2311400
8 93 1496490
8 94 780271
8 95 1631419
8 97 1711944
8 98 280121
9 0 247706
9 1 903952
9 6 633173
9 17 1253746
9 18 1654839
9 28 2579548
9 42 1289251
9 44 477735
9 47 2126849
9 54 2421975
9 55 2029912
9 59 968338
9 61 479746
9 62 1674660
9 70 2408238
9 72 1541210
9 74 44034
9 76 1564337
9 79 874970
9 80 482314
9 83 1120300
9 85 1189109
10 9 2481152
10 14 1197656
10 18 1634584
10 22 2444763
10 25 2507201
10 26 1663820
10 30 2436127
10 31 534934
10 32 203038
10 50 1194518
10 60 190639
10 61 1721733
10 67 44862
10 69 2413591
10 70 2401130
10 75 1294971
10 87 2485709
10 89 1898142
11 4 1172655
11 8 2625092
11 16 2631423
11 23 1441566
11 29 2244619
11 35 1245493
11 37 1746502
11 38 144423
11 45 1474107
11 49 1952480
11 52 1704976
11 53 245539
11 57 2387991
11 60 2639739
11 61 1893466
11 66 435999
11 68 1666159
11 71 2226786
11 75 2178843
11 76 902427
11 80 2281624
11 81 1299066
11 86 659702
11 88 293681
11 91 1462419
11 93 1601706
11 96 1889346
12 5 1335414
12 9 2499442
12 10 475374
12 11 1073340
12 20 2237588
12 24 1174290
12 29 1650457
12 33 2071624
12 39 740877
12 48 218515
12 55 1101108
12 57 807304
12 62 1049701
12 63 1551832
12 66 2569268
12 71 1524358
12 73 332645
12 78 752660
12 79 223223
12 82 1734938
12 84 521550
12 91 832744
12 94 1904049
12 97 1296708
13 1 1885378
13 7 1506223
13 17 2122635
13 19 2583992
13 23 2008053
13 29 749341
13 32 2573627
13 36 2172911
13 39 1826231
13 45 1213867
13 46 291711
13 56 658961
13 58 292670
13 66 2034063
13 77 2010898
13 88 724141
13 92 1844704
13 93 1045776
13 94 2061188
13 95 988064
13 99 181522
14 3 1311892
14 12 2260762
14 15 2621800
14 18 2563622
14 22 816994
14 24 15300
14 26 2022368
14 30 2205472
14 40 171893
14 50 1628278
14 52 1017024
14 53 2356246
14 54 2470819
14 57 1483797
14 59 374096
14 60 1157831
14 65 1327199
14 71 1847530
14 73 1973717
14 80 2215915
14 81 1191658
14 84 2517645
14 85 2539016
14 90 1455672
14 91 1540054
14 94 1102252
14 97 1911633
15 1 125414
15 3 814118
15 4 1801653
15 6 1817144
15 7 1998952
15 12 1689656
15 16 1208326
15 17 560621
15 26 2589395
15 27 1834947
15 36 364798
15 38 1388692
15 40 1452688
15 42 897455
15 45 1994366
15 47 12685
15 48 776444
15 50 63987
15 62 874722
15 71 1248752
15 82 1151024
15 89 2178606
15 92 1132706
15 94 68658
15 97 1700564
15 99 703928
16 0 1588159
16 14 1338480
16 17 1462957
16 18 227481
16 19 98283
16 24 1266888
16 26 1103746
16 27 2357054
16 43 1133650
16 44 2166749
16 50 1874933
16 52 129342
16 53 2478321
16 55 2187720
16 57 835136
16 60 2253002
16 61 2423036
16 62 2554120
16 63 1668917
16 72 1679966
16 74 2640753
16 78 2067095
16 82 1955135
16 85 162303
16 90 1028708
17 2 1252314
17 10 1495175
17 16 933068
17 18 180551
17 20 1169965
17 23 2157724
17 24 183029
17 27 214516
17 30 523314
17 31 2016716
17 32 935482
17 37 2204048
17 45 597535
17 54 264295
17 55 2306141
17 56 1927897
17 64 489140
17 66 228264
17 68 1008468
17 85 112180
17 86 761433
17 96 2080730
17 98 2210895
18 0 785336
18 1 2423549
18 4 908104
18 10 1707439
18 15 1043016
18 16 125213
18 22 356306
18 24 1454989
18 33 2377709
18 35 530645
18 40 372892
18 43 1926607
18 47 2602154
18 48 1178392
18 49 583092
18 62 371551
18 66 1822456
18 70 2620028
18 71 168450
18 74 199735
18 77 538892
18 79 389634
18 81 2050644
18 96 1282715
19 5 1880318
19 15 194279
19 17 1717315
19 24 412584
19 39 197865
19 51 1147080
19 57 2537091
19 58 1723427
19 61 77785
19 66 1646110
19 71 1082604
19 73 1059968
19 79 292769
19 83 46855
19 87 1252746
19 88 1999069
19 89 1876802
20 7 652278
20 16 1469441
20 28 1232742
20 30 2020863
20 40 1669604
20 44 2360179
20 46 1408155
20 49 2086856
20 51 2206122
20 55 1977183
20 57 581824
20 59 2554650
20 63 2042159
20 66 1790372
20 67 1734876
20 71 1158582
20 87 2471641
20 90 1540381
20 91 423568
20 92 374025
21 0 1392898
21 6 2243534
21 7 2318304
21 14 1140988
21 19 2525973
21 27 2624491
21 42 1534993
21 43 1019796
21 59 816376
21 60 243524
21 61 1470208
21 79 7080
21 82 523430
21 86 811912
21 92 1500690
22 3 963833
22 6 1482631
22 9 434612
22 12 2145284
22 13 709925
22 14 1581488
22 17 1236433
22 19 835372
22 26 282596
22 34 2143864
22 35 2347616
22 37 2580522
22 38 862760
22 45 901201
22 47 460324
22 50 2256734
22 65 977956
22 68 754066
22 70 950215
22 71 1095021
22 72 1367721
22 73 594336
22 78 348676
22 80 2203225
22 92 222545
22 93 2188447
22 96 1980448
22 99 351485
23 0 2181758
23 13 2546478
23 14 2202246
23 17 2359750
23 21 395459
23 35 219131
23 45 761394
23 48 348183
23 50 2099149
23 51 1578344
23 54 1626278
23 57 2007738
23 63 2157874
23 70 2024940
23 73 2243163
23 79 2042176
23 85 1499335
23 90 657791
23 91 1377267
23 92 1207047
23 98 590802
24 6 2526401
24 10 1202524
24 11 2130793
24 15 222214
24 25 1393476
24 32 707864
24 41 624427
24 43 1674023
24 50 168997
24 56 392147
24 59 1732942
24 60 671412
24 64 167970
24 67 1804309
24 72 120511
24 75 1594139
24 82 1595596
24 84 162963
24 99 1179278
25 1 2638607
25 6 1551154
25 7 1225945
25 10 971489
25 14 1926147
25 18 1397306
25 24 1125692
25 31 1519610
25 43 2600931
25 47 1327144
25 48 777457
25 49 1880466
25 52 2600853
25 55 2492319
25 62 61348
25 64 1328563
25 68 1727274
25 76 1010286
25 83 941313
25 89 507045
25 90 238082
25 93 2253138
25 95 16197
25 96 585333
26 4 59382
26 7 732055
26 9 2360724
26 16 2560779
26 29 1282320
26 31 1110981
26 33 588448
26 34 62029
26 35 294762
26 36 1960772
26 39 518778
26 40 803277
26 44 653851
26 55 1474233
26 62 2109680
26 64 2528607
26 70 2336704
26 72 1160026
26 73 917307
26 74 464136
26 77 2243854
26 83 1472121
26 84 1787452
26 87 1835898
26 90 1561465
26 91 2462730
26 92 1843910
26 96 1250605
26 97 972015
26 98 2326745
27 4 1598337
27 12 1086027
27 14 2167036
27 16 2552015
27 17 1367467
27 18 780095
27 31 2595613
27 36 2142340
27 40 1509671
27 51 1159466
27 54 2140324
27 62 1825986
27 63 39721
27 66 1568938
27 75 287875
27 83 286775
27 98 271743
28 3 1758273
28 5 858088
28 7 2072775
28 12 741624
28 15 396531
28 19 1156628
28 21 800875
28 22 933252
28 25 1732301
28 29 92789
28 31 225652
28 48 2632091
28 53 718138
28 55 1043410
28 57 1632660
28 59 2188655
28 60 1440678
28 61 1883272
28 68 310374
28 72 2044138
28 74 1425571
28 78 1457826
28 88 1769095
28 90 163614
28 97 2262979
28 98 2585951
28 99 737102
29 4 2561249
29 8 2169102
29 12 2159366
29 17 2528644
29 23 1718821
29 28 625006
29 31 1310408
29 32 1350964
29 38 2094360
29 41 1008250
29 43 2578466
29 46 2508129
29 47 2372378
29 50 1095320
29 55 688839
29 59 1042383
29 70 811370
29 72 2211848
29 76 178177
29 83 336902
29 86 1448409
29 89 1279131
29 90 756518
29 91 1127105
30 3 1027691
30 12 1606012
30 22 113403
30 25 1327501
30 27 2552597
30 41 2321595
30 44 1659890
30 56 1125840
30 58 1427735
30 65 1501100
30 80 1343609
30 81 698076
30 83 98305
30 85 69201
30 96 201668
31 0 1873511
31 2 153551
31 4 539351
31 10 2359520
31 14 361168
31 20 2250871
31 23 1190684
31 27 609726
31 28 525135
31 36 724245
31 44 682612
31 46 2285484
31 50 483322
31 52 414041
31 55 864080
31 57 840733
31 63 1956335
31 68 1635711
31 69 1778930
31 72 1170324
31 74 1499203
31 80 1395247
31 82 793364
31 87 1618009
31 88 690239
31 93 1528714
31 98 1178314
32 0 501936
32 1 1319093
32 4 1617258
32 12 98014
32 15 2483525
32 17 2559926
32 19 695318
32 20 2566941
32 35 472928
32 37 508047
32 42 52920
32 54 565897
32 64 1672005
32 72 1494365
32 73 321064
32 78 157678
32 80 825349
32 82 2098847
32 83 1586367
32 85 1301805
32 87 1126855
32 88 2148921
32 97 1095277
33 8 110175
33 10 1958919
33 26 1617198
33 34 2451667
33 42 1025307
33 46 1964661
33 47 1956616
33 48 2043671
33 49 736284
33 50 1608247
33 51 2364097
33 55 1667006
33 59 1672065
33 60 1181790
33 66 1587184
33 74 1870298
33 76 1950670
33 87 234819
33 89 2074180
33 94 2503225
34 0 583562
34 8 770445
34 12 1809747
34 14 748363
34 21 1000796
34 22 1833879
34 27 1730290
34 33 1296366
34 36 1757859
34 37 241978
34 41 298493
34 42 1611274
34 45 1347376
34 46 2039633
34 58 1458055
34 69 306777
34 78 62290
34 81 1608403
34 86 2426356
34 93 923336
34 95 993048
34 97 1035085
35 0 1894133
35 8 999229
35 13 2512194
35 14 2052924
35 15 807513
35 18 1059322
35 19 804606
35 23 2545215
35 26 1081642
35 29 1209940
35 30 1883893
35 31 1579522
35 32 594995
35 33 1627362
35 36 50695
35 37 136662
35 38 1095965
35 42 1076289
35 53 426721
35 64 98706
35 72 713054
35 77 411506
35 81 272218
35 82 890112
35 90 891991
35 92 2080618
36 1 2359473
36 8 188992
36 13 1768890
36 17 2566191
36 27 874204
36 34 1271164
36 35 1913342
36 43 978818
36 54 1989104
36 56 1542498
36 61 369047
36 67 2369485
36 73 2116024
36 74 1146876
36 78 2467755
36 85 1749489
36 94 212228
36 96 1277450
37 4 394952
37 6 323360
37 9 934210
37 12 2113724
37 20 531620
37 27 2305778
37 32 1402302
37 38 1357524
37 53 1884227
37 56 1775068
37 57 2464851
37 59 85181
37 60 2069119
37 64 1115666
37 70 387811
37 71 1896723
37 82 1759448
37 85 2417426
37 86 1610819
37 95 2200480
37 96 2597697
37 99 602142
38 4 903254
38 10 360587
38 15 2569537
38 20 1507412
38 21 2315266
38 24 913470
38 31 1992494
38 35 2131245
38 39 1947011
38 40 1090919
38 43 1864381
38 48 33506
38 52 48272
38 56 572897
38 62 1970914
38 65 2092681
38 75 1621328
38 78 1800127
38 81 2393808
38 82 2331927
38 83 2609541
38 87 1471453
38 95 960135
38 97 1355042
39 4 1492174
39 8 1519988
39 13 69938
39 15 862365
39 18 401694
39 30 550162
39 32 1123194
39 37 1656857
39 40 1008535
39 43 1260472
39 45 2581666
39 46 4324
39 48 1432272
39 49 877868
39 53 1602582
39 56 2355621
39 58 277100
39 61 54023
39 63 845402
39 64 2482560
39 65 1068376
39 70 1365343
39 72 2310768
39 74 1013851
39 75 2620033
39 81 1710680
39 82 374888
39 87 911929
39 98 500695
40 6 1150880
40 21 1423284
40 28 722404
40 29 876210
40 30 2332022
40 31 2488240
40 32 904895
40 34 508564
40 36 1100635
40 44 2498133
40 45 1176334
40 54 1354916
40 64 1341735
40 67 188423
40 68 1544882
40 71 540450
40 75 1946688
40 76 253401
40 77 396829
40 81 2086000
40 82 2332028
40 94 176691
40 98 1850697
40 99 956873
41 2 1266921
41 3 1916634
41 10 140571
41 12 1240522
41 15 1032965
41 17 2469565
41 23 2153636
41 32 2528293
41 33 2127350
41 37 1896630
41 39 277674
41 48 2074159
41 53 601109
41 54 2620176
41 66 1398171
41 73 2209891
41 79 2503198
41 80 2485592
41 81 1092669
41 85 2007303
41 86 48483
41 87 2475285
41 94 1235127
41 95 497137
42 6 2237723
42 7 888045
42 11 1875865
42 15 690376
42 17 2006036
42 21 1440001
42 23 532011
42 24 701062
42 29 2002271
42 35 1145052
42 44 2103322
42 45 2410688
42 48 828255
42 54 2486701
42 60 1117719
42 61 2972
42 62 1035039
42 85 955521
42 89 956862
42 92 2307264
42 96 279561
42 99 1821035
43 5 736654
43 7 2187659
43 12 800870
43 16 2499768
43 18 869307
43 22 2240573
43 23 1007451
43 24 36186
43 41 977052
43 50 2128840
43 51 2531468
43 52 2008737
43 53 1941090
43 57 557582
43 64 1259329
43 65 1226470
43 71 1721376
43 74 325030
43 78 1027083
43 79 472785
43 90 802001
43 95 850862
43 98 1470801
44 0 705954
44 20 154324
44 21 497428
44 25 8193
44 26 624434
44 37 604871
44 39 2078781
44 53 828642
44 56 426245
44 57 240963
44 59 1357583
44 61 630298
44 70 1673866
44 71 2379834
44 72 2207559
44 73 2383272
44 75 706290
44 76 1437520
44 77 158979
44 79 2534764
44 80 474248
44 82 1603569
44 85 1234252
44 90 2377140
44 96 2365321
44 97 97843
44 99 1577638
45 2 627816
45 5 1762647
45 15 723874
45 21 678656
45 26 1073054
45 35 2012751
45 38 681767
45 47 576338
45 49 1734557
45 62 2231254
45 68 1260319
45 70 634991
45 73 2493675
45 74 1440672
45 77 1861966
45 89 730359
45 92 325807
45 95 1543103
45 99 1381592
46 0 1856178
46 2 301184
46 12 1891921
46 22 464758
46 27 538193
46 30 1622325
46 34 1065687
46 35 2329558
46 38 437523
46 39 2204
46 45 1776687
46 54 351108
46 55 2526056
46 56 218714
46 59 1307444
46 67 2587391
46 71 1573043
46 77 1857831
46 84 1862958
46 86 830800
46 87 1874865
46 89 1377918
46 91 1165923
46 92 335736
46 95 485927
46 98 2010456
47 1 980268
47 6 272352
47 7 2576196
47 13 716354
47 33 456445
47 37 205793
47 38 1990668
47 45 2145866
47 54 854718
47 60 1791834
47 67 1486539
47 71 1430555
47 88 1514263
47 92 89
47 94 1325208
48 12 1019644
48 15 2512827
48 16 1013441
48 17 963239
48 20 564992
48 21 1471637
48 23 143531
48 31 1862954
48 35 1722529
48 36 2543026
48 37 1475697
48 43 2412120
48 47 550547
48 54 36371
48 62 2164385
48 73 1359218
48 84 734978
48 91 1345130
48 98 1679986
48 99 836678
49 4 1767578
49 7 1072264
49 17 2575399
49 18 1115320
49 21 2515278
49 36 2427176
49 40 1455465
49 44 1060997
49 46 2593504
49 60 1648889
49 63 184268
49 64 1615603
49 76 1934408
49 77 2310983
49 79 1315697
49 81 546252
49 84 808603
49 94 2579232
49 96 706967
49 99 149976
50 12 1170921
50 14 695435
50 15 2170641
50 18 1460290
50 21 95040
50 36 2084987
50 43 1694353
50 56 1184911
50 57 206649
50 62 884785
50 65 1149168
50 66 2281788
50 79 489976
50 85 72525
50 95 2509267
50 99 973222
51 7 1863351
51 11 1406325
51 18 113776
51 20 1077640
51 24 1119242
51 33 1851383
51 36 565798
51 43 553629
51 44 1703902
51 45 939858
51 52 353511
51 55 2480595
51 58 1545078
51 61 1666485
51 63 1013996
51 70 1184966
51 73 1912431
51 75 1933380
51 76 843151
51 77 2165034
51 81 2573213
51 89 92871
51 91 1059253
51 94 586478
51 98 470224
52 0 80264
52 3 475487
52 8 2333756
52 10 61230
52 13 1960542
52 16 1041854
52 28 896858
52 34 154533
52 35 1221390
52 40 1503372
52 42 283315
52 43 1831430
52 46 269829
52 53 2390305
52 55 1531678
52 56 2325780
52 63 606292
52 70 1708747
52 73 2480902
52 75 2641230
52 77 2341086
52 81 471240
52 84 882725
52 97 791423
53 7 1592839
53 10 2256243
53 15 2607736
53 25 2302853
53 26 498741
53 28 1195397
53 32 1231448
53 34 2354076
53 38 598532
53 42 1245308
53 43 1627606
53 44 52072
53 45 271722
53 50 821299
53 61 1591536
53 66 125416
53 77 313108
53 79 254021
53 89 846688
53 92 1260790
53 96 2188944
54 2 629276
54 4 1922389
54 13 2191629
54 24 1560428
54 26 2020721
54 27 140884
54 29 858245
54 40 737499
54 43 654862
54 46 1515735
54 48 2136168
54 52 2000279
54 58 465614
54 62 1975348
54 67 250623
54 69 1720113
54 71 1893560
54 73 1438664
54 77 1053894
54 80 792516
54 90 2422750
54 98 36464
54 99 2532976
55 2 126361
55 6 107148
55 12 1731219
55 15 2378211
55 19 554738
55 25 576503
55 33 977244
55 37 2038332
55 43 684373
55 47 1292150
55 57 966677
55 58 1537275
55 63 2316325
55 64 1926948
55 66 1670404
55 69 2578788
55 78 1835757
55 81 905055
55 83 1529890
55 88 1034255
55 91 2081143
55 94 7436
55 97 1637542
56 10 866420
56 29 315809
56 31 440038
56 40 493333
56 48 1460505
56 52 835422
56 57 839767
56 59 2062481
56 60 1560789
56 65 1589177
56 66 2631330
56 74 2331959
56 75 2030042
56 77 751785
56 79 2273540
56 83 2383314
56 86 915145
56 92 2034864
56 99 171659
57 1 422883
57 4 1625653
57 5 2018735
57 6 2154896
57 11 1314898
57 18 823457
57 21 1247068
57 27 2177359
57 31 2569080
57 32 251764
57 34 2241071
57 46 2040239
57 47 467543
57 49 2371436
57 67 239678
57 72 534
57 75 2630799
57 77 2132150
57 87 1202811
57 93 1496256
57 94 153277
58 3 628202
58 4 1692122
58 6 1824241
58 16 2257058
58 18 882093
58 19 921046
58 24 1058502
58 25 1302738
58 26 1091108
58 43 2493592
58 45 94064
58 47 987960
58 49 1970269
58 62 2622885
58 64 2333909
58 69 2207730
58 72 1577875
58 74 295481
58 76 589518
58 78 12466
58 81 1064589
58 88 2025254
58 92 605514
58 96 291957
58 97 1531935
59 0 806602
59 3 778394
59 11 937472
59 21 100423
59 23 867998
59 28 2372532
59 29 1912367
59 34 1760124
59 37 331391
59 43 276858
59 48 854714
59 50 1151505
59 53 194417
59 57 1909134
59 62 1367157
59 68 2473808
59 74 1328470
59 77 2634914
59 87 1710325
59 92 1003033
59 94 1267606
59 95 78844
60 0 1732384
60 3 2312274
60 5 2169131
60 7 44949
60 9 1614142
60 12 1207658
60 13 2289950
60 15 1742034
60 19 802622
60 29 657599
60 33 719160
60 34 1517928
60 39 673090
60 50 112301
60 67 1148217
60 68 538320
60 69 2457159
60 75 341853
60 78 2258660
60 89 2367923
61 16 1078903
61 18 1765652
61 19 1236172
61 20 1162201
61 21 2231756
61 33 480289
61 37 347748
61 52 717013
61 60 226640
61 63 233568
61 74 1706315
61 76 2369351
61 80 1715946
61 81 1556973
61 83 1623390
61 84 1579225
61 89 774411
62 0 823275
62 5 2395377
62 20 2485019
62 21 613316
62 30 1466305
62 34 55340
62 35 753550
62 38 300494
62 57 2061321
62 58 2123292
62 68 1504612
62 73 812044
62 77 783801
62 78 1422413
62 80 717174
62 85 214068
62 87 159419
62 93 378921
62 96 971194
63 10 168378
63 14 235326
63 28 1783174
63 30 727248
63 32 1361401
63 40 2253033
63 46 2243507
63 48 433865
63 51 465095
63 56 408089
63 57 2474369
63 72 1028259
63 78 1826163
63 85 2089852
63 89 1785534
63 94 163599
64 0 731349
64 6 834950
64 25 1104999
64 26 1823728
64 33 571417
64 35 685976
64 38 2573909
64 41 88131
64 44 1431653
64 46 1039964
64 47 1624645
64 49 988257
64 52 1348001
64 56 1975254
64 62 1102267
64 63 2087501
64 65 598044
64 68 1590515
64 69 478755
64 82 1381677
64 86 299979
64 94 1762136
64 95 551701
65 6 2599134
65 8 1697351
65 9 674051
65 17 2727
65 18 464073
65 19 2629115
65 21 2061232
65 24 1753956
65 31 1738389
65 42 1158948
65 44 2222099
65 49 41902
65 57 253963
65 62 2619343
65 67 1826192
65 68 2452937
65 69 1355806
65 75 168286
65 76 1902621
65 79 1013201
65 85 379988
65 92 2320252
65 93 914292
65 94 161333
65 95 937426
65 96 129748
66 1 1618749
66 2 1857173
66 6 2637309
66 7 194282
66 8 452059
66 9 128992
66 17 192756
66 18 972585
66 20 221132
66 22 2434366
66 33 1210314
66 38 2439656
66 49 1973553
66 51 2473618
66 59 90402
66 72 1478942
66 76 830142
66 77 2034597
66 82 1379154
66 85 1045293
66 87 1047541
66 90 2181771
66 92 2447926
66 95 1738969
67 12 1798864
67 16 1581147
67 18 1102610
67 19 83977
67 22 1615293
67 25 2469087
67 28 1395669
67 30 750463
67 31 704685
67 48 1254300
67 52 235821
67 53 1340582
67 56 2432810
67 61 2203774
67 63 1757753
67 72 1396427
67 77 2158484
67 84 2152426
67 88 1140697
67 90 1569466
67 92 792753
67 95 1776951
67 97 934220
68 1 1607164
68 6 2094937
68 9 1736578
68 10 1124901
68 15 2517009
68 17 260765
68 31 198587
68 35 1812560
68 37 2074531
68 38 911978
68 41 1645994
68 50 459352
68 61 1547393
68 70 197896
68 71 2618191
68 73 1963996
68 78 1851918
68 82 2494982
68 83 2307125
68 85 2148966
68 88 529205
68 91 2621687
68 99 2094172
69 0 982542
69 3 631694
69 4 1525850
69 5 1959285
69 6 1168645
69 8 486974
69 9 2042195
69 13 1646095
69 18 1182481
69 24 2464274
69 25 1728645
69 27 2565110
69 30 849242
69 34 1609650
69 42 690583
69 49 353158
69 56 1571933
69 65 2300934
69 66 1458593
69 67 2194168
69 74 139181
69 79 127608
69 82 2523748
69 91 692203
69 96 1370845
70 0 1148077
70 2 417842
70 6 177175
70 14 2046263
70 16 1327471
70 17 2240825
70 21 374311
70 22 790556
70 23 2449350
70 32 745633
70 36 1474319
70 41 562403
70 44 1438125
70 46 87180
70 47 91301
70 48 413997
70 51 504220
70 54 1579824
70 63 1189381
70 64 221747
70 67 305092
70 74 1111728
70 75 888550
70 79 1639474
70 80 647752
70 82 1658216
70 83 699141
70 84 1403337
70 85 2011522
70 94 989117
70 97 1054365
71 2 594759
71 13 2284044
71 15 1801669
71 19 161907
71 23 1284719
71 27 98791
71 32 991288
71 45 236680
71 47 1508038
71 48 1272021
71 49 2256463
71 52 976095
71 54 483380
71 60 1010557
71 68 1039628
71 79 729211
71 81 305389
71 82 1288685
71 84 2252202
71 85 2529439
71 87 127353
71 91 2422124
71 98 1643490
72 3 1062315
72 8 684607
72 11 2551974
72 12 420627
72 13 756396
72 16 589783
72 17 1376103
72 21 764520
72 25 979565
72 26 316537
72 32 2174129
72 34 1493956
72 37 1934217
72 39 2288431
72 40 955858
72 42 859489
72 44 35443
72 48 2143962
72 51 1964727
72 53 818480
72 61 2122337
72 62 717031
72 76 1694326
72 78 1375718
72 79 1606845
72 84 796485
72 86 2478387
72 89 474764
72 91 2043111
72 92 2567852
72 95 1288720
72 97 1930851
72 98 1324441
73 1 2031623
73 24 2479389
73 25 887395
73 27 1556034
73 29 1317076
73 31 2011696
73 32 1369060
73 35 459838
73 38 1050276
73 43 143831
73 55 1545249
73 56 652873
73 61 139
73 63 1184287
73 65 1292674
73 67 704227
73 80 2048411
73 81 651488
73 83 1846616
73 91 1831631
73 94 633983
74 1 220403
74 4 2214243
74 6 2296510
74 8 105070
74 21 2247195
74 24 1705700
74 25 1270201
74 26 1725914
74 28 2322658
74 30 315647
74 40 470239
74 41 2423082
74 46 1058814
74 47 2487338
74 50 513912
74 53 958352
74 54 1010368
74 58 987287
74 67 2374299
74 72 1342327
74 75 1290633
74 82 2637364
74 86 2122039
74 91 586195
74 92 2393240
75 1 887439
75 8 1952694
75 15 532871
75 16 1728272
75 21 1074183
75 25 534603
75 29 652355
75 35 202662
75 36 221573
75 39 2474282
75 45 11354
75 46 2441682
75 50 1751791
75 51 2287147
75 52 1275000
75 62 371909
75 66 1084198
75 67 111120
75 68 1812730
75 69 759235
75 72 81084
75 80 1178919
75 83 1358314
75 84 346039
75 85 1015483
75 91 688640
75 92 428535
75 95 1915673
75 98 2399211
76 5 406427
76 11 646381
76 12 1848505
76 17 2038384
76 20 317612
76 24 1035238
76 30 2232146
76 35 1874165
76 38 507023
76 44 693777
76 45 247028
76 47 2591581
76 52 2528050
76 56 2615325
76 65 1958622
76 71 1478473
76 83 2291493
76 95 2070430
77 2 633586
77 11 1450231
77 15 1970804
77 21 539393
77 40 927374
77 50 275758
77 55 625837
77 67 2315431
77 68 1532449
77 79 1990689
77 81 1396224
77 83 1990161
77 84 1585817
77 85 139927
77 87 695721
77 89 985808
77 94 1092287
78 0 1360248
78 1 2421986
78 8 1186351
78 9 150656
78 29 900488
78 31 1274602
78 32 1284006
78 35 1152083
78 36 775934
78 37 1934251
78 48 2606143
78 49 454231
78 50 1739034
78 62 2120761
78 68 1797092
78 72 880604
78 73 1588337
78 74 2273583
78 76 2235866
78 77 1035076
78 84 439322
78 92 1277735
79 10 1579428
79 16 1779624
79 19 1194635
79 21 1493177
79 22 1197231
79 24 19300
79 27 2048622
79 28 525997
79 36 273524
79 44 1066308
79 46 2206015
79 49 1548494
79 55 491877
79 56 2451835
79 57 2575539
79 62 2253986
79 64 1337792
79 69 1560680
79 70 823764
79 73 344807
79 87 1464823
79 92 1752395
79 94 50236
79 99 36115
80 2 1795030
80 5 1790623
80 7 1895719
80 10 1162852
80 16 1285847
80 22 1100028
80 25 1714225
80 26 1685142
80 40 390902
80 45 1796151
80 50 975177
80 55 1624285
80 59 2087448
80 66 1376543
80 72 224041
80 77 2519041
80 79 2165451
80 85 2594433
80 86 1041178
80 87 1098316
80 88 2282105
80 92 109541
80 99 2213699
81 0 2622147
81 10 301987
81 12 1181394
81 22 2174249
81 27 213479
81 28 2524222
81 37 1621710
81 40 2435310
81 45 1343662
81 48 2184755
81 50 234781
81 54 1381847
81 58 1606096
81 64 293559
81 72 2450310
81 74 1874460
81 76 1512276
81 77 966541
81 78 1398046
81 79 425342
81 83 986854
81 87 308428
81 88 1582948
81 92 998107
82 0 1947491
82 4 1744531
82 6 2573839
82 8 996283
82 11 666289
82 14 468568
82 21 887545
82 26 1795742
82 33 2408717
82 38 1117033
82 40 1364907
82 42 955870
82 43 2528595
82 44 773445
82 46 2151902
82 47 1843930
82 48 1237975
82 54 706993
82 68 96063
82 69 1372826
82 78 2014329
82 83 2432374
82 85 1069324
82 87 502328
82 88 2485632
82 89 2187119
83 2 782544
83 4 1070670
83 11 931281
83 12 2482056
83 13 1022747
83 19 130723
83 38 903225
83 40 2623329
83 45 1676469
83 51 874128
83 59 1073295
83 61 2274581
83 67 2121099
83 69 730451
83 77 300329
83 80 1860439
83 89 2220661
83 90 1975331
83 95 2068844
83 96 2058902
83 98 1880729
84 1 1119377
84 2 446491
84 4 1733469
84 7 1277911
84 8 1145194
84 11 1061681
84 14 2059137
84 18 1969880
84 20 824942
84 25 385445
84 26 208224
84 27 2003694
84 31 2193426
84 36 1743813
84 37 1331338
84 43 1220298
84 47 585848
84 51 467423
84 53 593198
84 63 1987960
84 71 249939
84 78 321655
84 79 2259762
84 83 50101
84 85 1774351
84 88 1289276
84 96 2421722
84 99 1340713
85 2 1825941
85 5 2084017
85 6 2576723
85 7 1394568
85 14 1127525
85 21 776263
85 23 886836
85 29 127939
85 30 990619
85 31 2595837
85 33 1645309
85 35 45139
85 40 463691
85 41 1954099
85 42 1695200
85 50 1762394
85 51 2460268
85 53 1263988
85 59 252780
85 60 1805237
85 63 1347200
85 68 2215947
85 73 1482732
85 76 1792784
85 82 1820527
85 83 1460044
85 86 2531763
85 92 1780171
85 93 1690988
85 94 562619
85 95 1846893
85 97 704834
86 1 711114
86 4 204470
86 17 1866498
86 24 1884662
86 25 425411
86 28 2375964
86 29 2531486
86 30 447715
86 31 142074
86 35 2088077
86 39 1617767
86 41 2233647
86 43 837193
86 46 1771343
86 59 516257
86 65 1736962
86 69 2444412
86 71 843469
86 72 220605
86 75 1512571
86 77 428743
86 80 283726
86 81 2388753
86 99 2270288
87 0 417697
87 3 649304
87 9 1407534
87 14 445395
87 15 2488100
87 17 1927761
87 21 519213
87 23 2333197
87 27 1606095
87 30 1773873
87 40 1857287
87 44 1704206
87 50 251655
87 59 2044915
87 63 2578977
87 69 5905
87 74 1645666
87 76 2246643
87 80 752561
87 89 359312
87 92 2387208
88 3 1795169
88 6 2312437
88 7 1656330
88 16 699504
88 26 1944626
88 27 2117175
88 28 1329443
88 34 868152
88 36 2210486
88 37 483000
88 39 2389463
88 42 256558
88 43 291075
88 47 2558074
88 50 2112977
88 61 994813
88 62 1775351
88 89 294416
88 90 2279543
88 92 48264
88 93 1806123
88 95 1523820
88 97 285801
88 99 959687
89 2 1502607
89 10 585670
89 17 294723
89 21 20275
89 22 2062208
89 26 1432885
89 34 1276333
89 38 1250633
89 40 248625
89 42 1487462
89 43 169269
89 45 990424
89 46 897870
89 53 169400
89 55 1990055
89 64 2152265
89 65 270656
89 68 221393
89 72 1984390
89 75 138624
89 82 83035
89 83 1352030
89 88 2204323
89 92 2367725
89 94 219937
89 97 2518940
89 98 1056375
90 4 646472
90 10 1871696
90 12 2086344
90 14 1660615
90 20 572323
90 22 1692692
90 23 1640891
90 38 2513423
90 40 1584141
90 52 89000
90 56 2454690
90 58 1535165
90 62 1126403
90 66 1145025
90 70 2261760
90 73 779170
90 80 1013884
90 81 1099980
90 92 733864
91 4 893158
91 12 2124102
91 14 1266670
91 25 866287
91 26 891847
91 27 2360982
91 32 612104
91 38 2174618
91 39 2325571
91 43 13692
91 45 266716
91 52 195358
91 58 1965282
91 60 1006800
91 64 623883
91 68 1031501
91 71 597998
91 74 658579
91 79 2577290
91 80 2622122
91 82 2482480
91 92 1955884
91 93 1920871
91 97 1101414
91 98 1389360
92 0 89990
92 2 2135142
92 4 981131
92 11 2051983
92 13 82088
92 14 1571058
92 15 2596766
92 22 535444
92 33 2018194
92 39 1849639
92 43 382867
92 49 2354016
92 86 285807
92 87 365816
92 90 2250713
92 99 2502685
93 2 496706
93 9 1879544
93 23 1042588
93 31 1495952
93 32 1457961
93 33 1605967
93 38 2617924
93 45 565654
93 47 379942
93 50 1291660
93 53 2591381
93 55 2582133
93 56 331203
93 61 150193
93 65 975267
93 68 732829
93 69 799218
93 71 855735
93 75 791703
93 76 2258324
93 77 1300856
93 78 532936
93 90 2003943
93 99 1081099
94 1 306627
94 4 1075184
94 8 2052772
94 9 1828896
94 10 471255
94 13 284693
94 14 2352603
94 19 1823055
94 32 698532
94 34 150495
94 41 1441925
94 42 1483273
94 45 2217061
94 52 2122513
94 60 2328643
94 61 1490965
94 62 48849
94 63 650559
94 64 1547385
94 69 1235692
94 78 1298694
94 79 1924278
94 84 1094829
94 85 2629061
94 87 1429299
94 90 1120257
94 95 543800
94 98 416712
95 0 1384293
95 6 758532
95 9 1483138
95 14 1414070
95 21 1280602
95 22 21423
95 24 2589816
95 27 1836882
95 28 1798792
95 29 2506782
95 31 2333730
95 38 1739333
95 39 2116052
95 51 483560
95 52 268784
95 60 1018116
95 61 2583958
95 66 241308
95 67 601211
95 68 1247661
95 73 1809158
95 81 119464
95 82 435046
95 83 2527527
95 88 233316
95 92 526268
95 94 199805
96 2 1979323
96 3 1522767
96 4 1423735
96 8 2210549
96 13 465181
96 14 320304
96 15 182708
96 20 1650803
96 23 1184552
96 28 254278
96 30 2620206
96 46 1566601
96 48 350536
96 49 894234
96 55 479742
96 61 1274095
96 67 1852803
96 73 2102143
96 75 2150958
96 80 1069337
96 84 981283
96 87 1054862
96 89 2050429
96 93 1567409
96 94 277996
96 95 1067049
97 7 2625813
97 9 2149586
97 13 2264392
97 14 1702084
97 20 2474514
97 23 1053418
97 24 378217
97 31 624407
97 42 2378780
97 52 10505
97 56 164024
97 63 2521498
97 65 1171059
97 67 939947
97 70 890575
97 80 1038467
97 81 78123
97 85 1396424
97 91 380985
97 94 401445
98 5 1439779
98 15 1280122
98 16 2240007
98 19 492311
98 20 2438258
98 30 2341719
98 33 342488
98 34 1903835
98 35 2222964
98 36 1702291
98 38 2132915
98 43 1211032
98 53 965208
98 58 1046411
98 60 1700709
98 66 790039
98 69 840839
98 74 153217
98 75 2018886
98 78 2129352
98 85 1265975
98 88 2474279
98 94 541680
98 97 2147053
99 8 2240242
99 12 1634981
99 14 2504109
99 15 1115742
99 16 1636136
99 18 242798
99 22 240106
99 23 394308
99 25 264810
99 26 1032155
99 29 59777
99 30 335323
99 32 803439
99 33 1748405
99 35 1969763
99 37 1397103
99 54 422570
99 57 1173532
99 60 1771302
99 63 2109892
99 65 2057041
99 66 2097656
99 68 1340685
99 72 509628
99 79 2164306
99 81 366082
99 88 971717
99 90 1354955
99 91 1736940
99 95 37228
