100 4950
0 1 263139
0 2 3088802
0 3 11778575
0 4 1309978
0 5 11179822
0 6 11723414
0 7 8150919
0 8 6523528
0 9 12056825
0 10 7360181
0 11 625951
0 12 8932812
0 13 3350952
0 14 3057453
0 15 1610409
0 16 1499341
0 17 7054430
0 18 7623752
0 19 9189129
0 20 10218275
0 21 8550009
0 22 1974289
0 23 7318519
0 24 12095149
0 25 2491148
0 26 11601578
0 27 7811216
0 28 1368434
0 29 7409989
0 30 11050441
0 31 8281270
0 32 551162
0 33 10789275
0 34 11691418
0 35 10826847
0 36 9897134
0 37 4981500
0 38 4515305
0 39 5623831
0 40 4149189
0 41 1807068
0 42 5944690
0 43 11053731
0 44 11292094
0 45 606178
0 46 11731620
0 47 5233071
0 48 11247331
0 49 5525294
0 50 845603
0 51 7951652
0 52 104458
0 53 8745260
0 54 747531
0 55 9412262
0 56 1852321
0 57 1467904
0 58 3834757
0 59 1183713
0 60 3576521
0 61 1644676
0 62 10801596
0 63 4762075
0 64 7063535
0 65 2688279
0 66 2450140
0 67 10788506
0 68 8341689
0 69 3724724
0 70 3145998
0 71 1108322
0 72 2087843
0 73 9077427
0 74 11501769
0 75 9225147
0 76 10403619
0 77 4868817
0 78 3499792
0 79 6015853
0 80 3392503
0 81 2901425
0 82 1360667
0 83 1308426
0 84 51572
0 85 546661
0 86 9282882
0 87 4149505
0 88 4878374
0 89 11006897
0 90 887375
0 91 2008564
0 92 5060846
0 93 10461201
0 94 5463053
0 95 5226451
0 96 6610432
0 97 12160229
0 98 7953138
0 99 10490465
1 2 6906176
1 3 5068585
1 4 4019985
1 5 6679754
1 6 2094093
1 7 5863987
1 8 11928297
1 9 8855504
1 10 5095511
1 11 1482879
1 12 382809
1 13 6250558
1 14 6555309
1 15 5369212
1 16 1762428
1 17 3944926
1 18 1865756
1 19 751247
1 20 8091440
1 21 2923491
1 22 3415692
1 23 4485496
1 24 1668138
1 25 1600065
1 26 12079499
1 27 6304879
1 28 4433022
1 29 4315326
1 30 3395425
1 31 6745907
1 32 7740704
1 33 2947969
1 34 5591855
1 35 7778281
1 36 7059425
1 37 5156199
1 38 3529006
1 39 7693893
1 40 3011882
1 41 1880944
1 42 527388
1 43 11259024
1 44 4454256
1 45 1994356
1 46 2005466
1 47 6671673
1 48 10211581
1 49 55299
1 50 2855825
1 51 3444712
1 52 3135285
1 53 11657860
1 54 11212768
1 55 7826410
1 56 9347399
1 57 10168802
1 58 910135
1 59 7737833
1 60 1938880
1 61 6974526
1 62 9278787
1 63 4403709
1 64 357889
1 65 7816257
1 66 3338213
1 67 1562181
1 68 11566581
1 69 2274119
1 70 11169214
1 71 8136898
1 72 11316851
1 73 9103423
1 74 4472590
1 75 7317727
1 76 3571816
1 77 3887495
1 78 6343547
1 79 3767913
1 80 639013
1 81 5742824
1 82 7186749
1 83 5636660
1 84 3310145
1 85 2856318
1 86 989343
1 87 6990285
1 88 8197170
1 89 10961484
1 90 2726526
1 91 11043145
1 92 2280486
1 93 4018615
1 94 6212701
1 95 7230081
1 96 2521323
1 97 1328411
1 98 6493570
1 99 3611888
2 3 9559251
2 4 2567463
2 5 3158513
2 6 65444
2 7 4292296
2 8 5044938
2 9 4279962
2 10 4360838
2 11 10683909
2 12 10864359
2 13 4591534
2 14 8847485
2 15 3362683
2 16 3007027
2 17 2299921
2 18 1306607
2 19 817362
2 20 9656210
2 21 8358802
2 22 4419821
2 23 5322222
2 24 12181671
2 25 7816171
2 26 8332379
2 27 6778192
2 28 6489788
2 29 1623246
2 30 9506097
2 31 10238554
2 32 11500746
2 33 8575214
2 34 7534321
2 35 1421756
2 36 7186441
2 37 10299040
2 38 644518
2 39 3395870
2 40 7532372
2 41 8249378
2 42 11404461
2 43 2821480
2 44 3168209
2 45 8730355
2 46 9764359
2 47 4438536
2 48 1032336
2 49 2422195
2 50 5673471
2 51 2803950
2 52 587106
2 53 10538188
2 54 10552806
2 55 1955335
2 56 3054217
2 57 6901153
2 58 1021030
2 59 11114444
2 60 3004340
2 61 1265734
2 62 12142808
2 63 6083498
2 64 6551231
2 65 9230899
2 66 5549880
2 67 6967482
2 68 11410105
2 69 10426600
2 70 11978400
2 71 3933092
2 72 2905168
2 73 2103309
2 74 11210532
2 75 2361054
2 76 2001452
2 77 11743567
2 78 10935944
2 79 11305455
2 80 11954514
2 81 4864331
2 82 8294102
2 83 6559943
2 84 2821487
2 85 197799
2 86 2052295
2 87 8808129
2 88 484018
2 89 4359913
2 90 419529
2 91 1230209
2 92 8046423
2 93 8219975
2 94 3851187
2 95 9757179
2 96 3759077
2 97 10159046
2 98 7049397
2 99 5068034
3 4 11920506
3 5 10324783
3 6 7132091
3 7 3870947
3 8 6178149
3 9 7246626
3 10 8276700
3 11 6085675
3 12 10221620
3 13 3262736
3 14 3898644
3 15 5137757
3 16 10217046
3 17 4808145
3 18 931378
3 19 9365019
3 20 7668910
3 21 404998
3 22 7462993
3 23 6089361
3 24 10344080
3 25 3683039
3 26 9375191
3 27 11517579
3 28 6076289
3 29 11107166
3 30 8022110
3 31 2653797
3 32 4810233
3 33 8371176
3 34 819123
3 35 5655414
3 36 11799587
3 37 1512658
3 38 9200791
3 39 188527
3 40 2533979
3 41 1443831
3 42 5536995
3 43 4693988
3 44 4420107
3 45 8336076
3 46 1203029
3 47 4232621
3 48 9112323
3 49 6539467
3 50 6368281
3 51 10141251
3 52 4453611
3 53 3435838
3 54 663949
3 55 5675847
3 56 6038596
3 57 5662506
3 58 8317487
3 59 10851259
3 60 9082498
3 61 5785312
3 62 4568744
3 63 9850947
3 64 1458824
3 65 4496179
3 66 11254185
3 67 3122914
3 68 5311874
3 69 3283146
3 70 10925982
3 71 11248591
3 72 1791183
3 73 1809009
3 74 5980552
3 75 4619222
3 76 7400078
3 77 10526378
3 78 3355096
3 79 43883
3 80 10141211
3 81 328129
3 82 4836355
3 83 3282862
3 84 11747748
3 85 8287256
3 86 1704373
3 87 2085855
3 88 1008019
3 89 8184963
3 90 10694901
3 91 6552900
3 92 220291
3 93 3231897
3 94 7228800
3 95 2618268
3 96 5366862
3 97 10690168
3 98 7312192
3 99 5653503
4 5 1423024
4 6 3389763
4 7 6114888
4 8 1799754
4 9 9670844
4 10 5533957
4 11 7058858
4 12 9466869
4 13 6849460
4 14 5763076
4 15 4834301
4 16 1413384
4 17 8640624
4 18 2624635
4 19 1823475
4 20 8364579
4 21 3627928
4 22 4401933
4 23 1942093
4 24 11181322
4 25 5628044
4 26 7396098
4 27 11554781
4 28 5752405
4 29 3247398
4 30 6720459
4 31 3316949
4 32 785950
4 33 6134942
4 34 7194190
4 35 6152520
4 36 2790548
4 37 10299469
4 38 1224352
4 39 1120362
4 40 2049797
4 41 6342668
4 42 12103977
4 43 11869841
4 44 5278383
4 45 9304475
4 46 1362185
4 47 9836221
4 48 1278905
4 49 9758621
4 50 10200973
4 51 1256297
4 52 7558854
4 53 4047982
4 54 10711832
4 55 2780029
4 56 5452785
4 57 4958235
4 58 2216865
4 59 10285660
4 60 11437308
4 61 3863531
4 62 8773631
4 63 8284646
4 64 482112
4 65 11941868
4 66 7267818
4 67 5072873
4 68 2895158
4 69 3017721
4 70 3445258
4 71 11016940
4 72 7682102
4 73 1083669
4 74 7323515
4 75 3968489
4 76 385233
4 77 3058402
4 78 3528989
4 79 601243
4 80 7452996
4 81 7105069
4 82 69507
4 83 4621849
4 84 8003140
4 85 6786223
4 86 2459205
4 87 4324384
4 88 4292071
4 89 207207
4 90 1366792
4 91 8145186
4 92 2106794
4 93 9931073
4 94 6731953
4 95 622748
4 96 10182313
4 97 8300576
4 98 1953114
4 99 7402133
5 6 485114
5 7 10982101
5 8 1774498
5 9 242163
5 10 5535993
5 11 9221728
5 12 2508299
5 13 5081000
5 14 6857537
5 15 2275023
5 16 3956478
5 17 10112246
5 18 6965242
5 19 4161576
5 20 6569700
5 21 6730300
5 22 8768287
5 23 7562975
5 24 5441889
5 25 6101009
5 26 1673261
5 27 8168343
5 28 12077279
5 29 3197573
5 30 10689619
5 31 11104255
5 32 7227721
5 33 3160196
5 34 4472547
5 35 2390715
5 36 785257
5 37 7607172
5 38 9760314
5 39 6545440
5 40 4403415
5 41 5180520
5 42 619099
5 43 10570507
5 44 4837817
5 45 9760769
5 46 2816146
5 47 10314056
5 48 6304111
5 49 11053812
5 50 8651699
5 51 2029333
5 52 5322904
5 53 5725270
5 54 9482349
5 55 489820
5 56 9935674
5 57 9531092
5 58 2255143
5 59 5077879
5 60 3649974
5 61 1424179
5 62 7458122
5 63 4884557
5 64 8422722
5 65 8649238
5 66 6822866
5 67 11411288
5 68 7525778
5 69 11618652
5 70 8636114
5 71 10308688
5 72 3795364
5 73 4660300
5 74 8793898
5 75 11204421
5 76 7892825
5 77 7123341
5 78 2802472
5 79 7528215
5 80 2779697
5 81 2261013
5 82 1758285
5 83 65337
5 84 1654064
5 85 2688810
5 86 10919181
5 87 4754636
5 88 1914140
5 89 11890789
5 90 474942
5 91 9730578
5 92 333049
5 93 8070486
5 94 9123408
5 95 10979021
5 96 5594207
5 97 4902612
5 98 2918398
5 99 9966537
6 7 8702567
6 8 880419
6 9 10565710
6 10 3451921
6 11 3962883
6 12 6989994
6 13 2084858
6 14 9705194
6 15 4375453
6 16 624354
6 17 6447333
6 18 4308357
6 19 11215268
6 20 9046559
6 21 10168913
6 22 6896237
6 23 7269068
6 24 6710471
6 25 9250499
6 26 7426327
6 27 10383306
6 28 11101483
6 29 5428387
6 30 11076846
6 31 3476511
6 32 5823404
6 33 2843044
6 34 11394360
6 35 10530238
6 36 10992376
6 37 6703008
6 38 1953193
6 39 8268392
6 40 3893914
6 41 10704005
6 42 8888904
6 43 1746374
6 44 10313589
6 45 4200393
6 46 8866063
6 47 11448802
6 48 11072553
6 49 2486265
6 50 28422
6 51 11492558
6 52 11513800
6 53 6583264
6 54 11330090
6 55 9159703
6 56 2359891
6 57 490520
6 58 6610400
6 59 10504432
6 60 4129324
6 61 11847081
6 62 6943507
6 63 7542309
6 64 8352445
6 65 11154646
6 66 2562832
6 67 10325542
6 68 11573430
6 69 8758166
6 70 2194666
6 71 3806210
6 72 7068111
6 73 8301606
6 74 9323777
6 75 4623588
6 76 5815893
6 77 514479
6 78 5264588
6 79 2756806
6 80 11230353
6 81 1799859
6 82 8793452
6 83 6800936
6 84 2534588
6 85 2295156
6 86 7679190
6 87 4811182
6 88 6819547
6 89 10907385
6 90 4599840
6 91 9627290
6 92 466681
6 93 3651851
6 94 468734
6 95 245867
6 96 2789407
6 97 9678656
6 98 10481945
6 99 2146193
7 8 8975152
7 9 11526464
7 10 3998715
7 11 11349434
7 12 9689192
7 13 3359885
7 14 5346852
7 15 8292317
7 16 1457822
7 17 4951747
7 18 6776045
7 19 4425689
7 20 6206014
7 21 8571707
7 22 9732703
7 23 5623845
7 24 6630800
7 25 10197286
7 26 6943577
7 27 1183807
7 28 3339677
7 29 6567459
7 30 2938182
7 31 8562836
7 32 8334325
7 33 11705005
7 34 2278900
7 35 11733896
7 36 6170096
7 37 7699422
7 38 11936387
7 39 10624455
7 40 2211444
7 41 6492555
7 42 1634184
7 43 3993362
7 44 11573120
7 45 9050761
7 46 6657493
7 47 6506863
7 48 6814038
7 49 1784648
7 50 3058695
7 51 9438729
7 52 4358285
7 53 11511938
7 54 6780137
7 55 2107271
7 56 3816804
7 57 4449407
7 58 1533392
7 59 1900449
7 60 7406591
7 61 10570680
7 62 9600882
7 63 2178822
7 64 9757802
7 65 1745852
7 66 8584293
7 67 8403460
7 68 9113761
7 69 9239067
7 70 510335
7 71 5440968
7 72 328011
7 73 4326239
7 74 4075230
7 75 7707005
7 76 10125329
7 77 11788011
7 78 8130469
7 79 9614407
7 80 8952894
7 81 2615041
7 82 5737573
7 83 4660812
7 84 11116988
7 85 10156387
7 86 4844648
7 87 11212771
7 88 3410827
7 89 8786116
7 90 6890610
7 91 4570704
7 92 8565436
7 93 3775968
7 94 7555316
7 95 6734530
7 96 9301298
7 97 5752467
7 98 2244820
7 99 9502433
8 9 8436187
8 10 7280505
8 11 9406004
8 12 3561482
8 13 9615959
8 14 12024632
8 15 5442186
8 16 12113763
8 17 213352
8 18 5027821
8 19 5036058
8 20 10591534
8 21 7802044
8 22 6276799
8 23 1518842
8 24 9179298
8 25 6933608
8 26 1024216
8 27 12152699
8 28 2437656
8 29 1601098
8 30 7126189
8 31 2417695
8 32 7717389
8 33 11047939
8 34 1664966
8 35 11752083
8 36 7828309
8 37 274913
8 38 6481646
8 39 5041566
8 40 2298583
8 41 8342343
8 42 2891142
8 43 9461810
8 44 3979395
8 45 7543019
8 46 7971666
8 47 9008325
8 48 6855619
8 49 1411565
8 50 12097224
8 51 5142246
8 52 1716250
8 53 641814
8 54 8509356
8 55 726272
8 56 9325481
8 57 2103160
8 58 5910101
8 59 10030842
8 60 10156427
8 61 4196830
8 62 772449
8 63 7737062
8 64 5778948
8 65 105877
8 66 3546949
8 67 6319527
8 68 7540999
8 69 3354883
8 70 1356556
8 71 63822
8 72 9812001
8 73 5729407
8 74 2232980
8 75 12186380
8 76 6918606
8 77 8408526
8 78 2986281
8 79 2843667
8 80 10338059
8 81 10518615
8 82 1838393
8 83 7158720
8 84 8803724
8 85 9985937
8 86 6061778
8 87 2612407
8 88 9979370
8 89 5544078
8 90 4690525
8 91 12018980
8 92 11853435
8 93 5832778
8 94 1793140
8 95 1780139
8 96 8646995
8 97 4144764
8 98 10869108
8 99 954430
9 10 4740656
9 11 6851052
9 12 691821
9 13 9387627
9 14 1288180
9 15 4448350
9 16 4729558
9 17 9552964
9 18 1338687
9 19 1220249
9 20 3892427
9 21 8417093
9 22 2517801
9 23 5000339
9 24 5017289
9 25 8009726
9 26 11741493
9 27 131178
9 28 363916
9 29 5711470
9 30 10935703
9 31 1630876
9 32 1967760
9 33 10427363
9 34 9196799
9 35 2062788
9 36 12069897
9 37 4914684
9 38 1500506
9 39 527909
9 40 700454
9 41 8870427
9 42 3880499
9 43 4987747
9 44 7768130
9 45 4926797
9 46 9005756
9 47 2567843
9 48 10421193
9 49 7323856
9 50 7539053
9 51 4376196
9 52 6609038
9 53 7516665
9 54 10116271
9 55 7254617
9 56 7389303
9 57 4004031
9 58 10216656
9 59 8849214
9 60 7587452
9 61 5738281
9 62 8494360
9 63 30279
9 64 9563625
9 65 1293479
9 66 4072492
9 67 1012094
9 68 6542888
9 69 10199328
9 70 3563028
9 71 9264211
9 72 6982712
9 73 7956225
9 74 556371
9 75 614482
9 76 6442435
9 77 8622110
9 78 3956344
9 79 10523334
9 80 4837061
9 81 9448375
9 82 1436137
9 83 4651311
9 84 6627309
9 85 6632491
9 86 5647079
9 87 3463603
9 88 9872515
9 89 1383227
9 90 8305191
9 91 8907436
9 92 3663070
9 93 2866775
9 94 10531550
9 95 5769857
9 96 4193255
9 97 8423515
9 98 1423270
9 99 2564640
10 11 8951295
10 12 11378391
10 13 214651
10 14 1053937
10 15 3438298
10 16 6161403
10 17 5953455
10 18 12106030
10 19 543213
10 20 3369390
10 21 10816250
10 22 4268342
10 23 10639689
10 24 4522140
10 25 7957368
10 26 5695272
10 27 5761840
10 28 3872466
10 29 1176510
10 30 6757362
10 31 7753838
10 32 10509478
10 33 3626822
10 34 6937755
10 35 4854705
10 36 7896924
10 37 7762318
10 38 10469991
10 39 4307210
10 40 4587146
10 41 1350108
10 42 3897117
10 43 7808672
10 44 2155253
10 45 5049498
10 46 5618001
10 47 3802533
10 48 4374259
10 49 2712999
10 50 3064800
10 51 8781866
10 52 2917152
10 53 10995758
10 54 10658838
10 55 7052568
10 56 7494631
10 57 3518991
10 58 2031480
10 59 6366404
10 60 7725048
10 61 345246
10 62 6942771
10 63 1308467
10 64 9805413
10 65 2679892
10 66 3739031
10 67 11570564
10 68 706684
10 69 278576
10 70 6274737
10 71 11819232
10 72 5886878
10 73 3240465
10 74 3650607
10 75 2044712
10 76 6138543
10 77 7522649
10 78 3747874
10 79 7271149
10 80 6271560
10 81 7397871
10 82 2394731
10 83 7595979
10 84 12121711
10 85 1328443
10 86 10952522
10 87 1909136
10 88 4996246
10 89 10252445
10 90 1209252
10 91 5621077
10 92 9779234
10 93 11413985
10 94 10248103
10 95 1523440
10 96 8803730
10 97 3176373
10 98 2853540
10 99 3500731
11 12 6664173
11 13 2650597
11 14 5601069
11 15 9394494
11 16 10488501
11 17 11458404
11 18 4638204
11 19 445027
11 20 7335427
11 21 2894877
11 22 3810163
11 23 8315535
11 24 10426144
11 25 1427235
11 26 5751994
11 27 8016461
11 28 10876867
11 29 2921056
11 30 9556939
11 31 4424251
11 32 7720548
11 33 7641147
11 34 161621
11 35 4176853
11 36 6635633
11 37 5694939
11 38 9219315
11 39 10148783
11 40 9374121
11 41 9788323
11 42 1711905
11 43 4729068
11 44 6030056
11 45 845335
11 46 4358684
11 47 10294278
11 48 11474258
11 49 6836142
11 50 5532639
11 51 9654083
11 52 11429576
11 53 5654590
11 54 4657452
11 55 5692571
11 56 1737159
11 57 2711782
11 58 4359580
11 59 1410731
11 60 6185146
11 61 9687460
11 62 276442
11 63 897819
11 64 11200656
11 65 11986662
11 66 86402
11 67 12106825
11 68 8982815
11 69 209105
11 70 7900421
11 71 5517217
11 72 5806309
11 73 1587858
11 74 11025333
11 75 9913543
11 76 9863651
11 77 10110888
11 78 1754793
11 79 5803210
11 80 8956415
11 81 10439316
11 82 11778703
11 83 5141062
11 84 10552391
11 85 368190
11 86 8014278
11 87 10441337
11 88 3680644
11 89 3226120
11 90 5772896
11 91 11613768
11 92 10103227
11 93 2391880
11 94 2249685
11 95 11216633
11 96 4706256
11 97 1792571
11 98 7334652
11 99 7275243
12 13 7882804
12 14 10666650
12 15 698149
12 16 8355348
12 17 148664
12 18 7797833
12 19 1641337
12 20 8000494
12 21 10096565
12 22 6190128
12 23 8706932
12 24 8090724
12 25 1422762
12 26 11784524
12 27 1469347
12 28 939031
12 29 3202495
12 30 10944777
12 31 8664644
12 32 355579
12 33 3626385
12 34 10659428
12 35 8437010
12 36 3060334
12 37 4067502
12 38 142290
12 39 845125
12 40 9053247
12 41 9929614
12 42 7860173
12 43 923820
12 44 12196741
12 45 5368057
12 46 6875985
12 47 2552550
12 48 9421992
12 49 12217872
12 50 4795629
12 51 12215693
12 52 3561250
12 53 6162179
12 54 6724430
12 55 11295147
12 56 7825914
12 57 9929397
12 58 11443254
12 59 2086663
12 60 7638459
12 61 9489261
12 62 8403408
12 63 3296664
12 64 8833909
12 65 6213716
12 66 1092989
12 67 3054651
12 68 4206172
12 69 3803051
12 70 5618868
12 71 1192989
12 72 689099
12 73 10919999
12 74 10095539
12 75 9260869
12 76 5512180
12 77 6296650
12 78 7137352
12 79 802748
12 80 7947223
12 81 252983
12 82 6390314
12 83 4562523
12 84 10381568
12 85 2865483
12 86 2192733
12 87 8310298
12 88 10405971
12 89 5159324
12 90 11464189
12 91 1333482
12 92 9645053
12 93 11164430
12 94 7456257
12 95 6552234
12 96 10073271
12 97 3282629
12 98 11400056
12 99 4981239
13 14 11013726
13 15 5113983
13 16 2344031
13 17 12048585
13 18 6806391
13 19 2320774
13 20 4938056
13 21 1063759
13 22 2637765
13 23 6165187
13 24 11231852
13 25 8566651
13 26 147855
13 27 26114
13 28 5865400
13 29 8725129
13 30 6200682
13 31 4956643
13 32 8566441
13 33 11473155
13 34 8136217
13 35 1972168
13 36 567992
13 37 3977142
13 38 5525639
13 39 9810012
13 40 6064671
13 41 7034040
13 42 2433208
13 43 8457753
13 44 11719127
13 45 7754545
13 46 1055693
13 47 6508233
13 48 8946534
13 49 5715807
13 50 792415
13 51 4234400
13 52 154005
13 53 4893261
13 54 5978753
13 55 7312612
13 56 3467495
13 57 5904515
13 58 8048481
13 59 9138433
13 60 7435026
13 61 7166433
13 62 458747
13 63 6610624
13 64 7595748
13 65 6617641
13 66 9303925
13 67 620998
13 68 7357065
13 69 4044967
13 70 7133759
13 71 11836248
13 72 9452640
13 73 7403889
13 74 110346
13 75 11410940
13 76 1712701
13 77 3495681
13 78 40464
13 79 12232982
13 80 9050423
13 81 9885793
13 82 1989956
13 83 2050388
13 84 10112245
13 85 11503358
13 86 1734852
13 87 7289218
13 88 9825532
13 89 11661526
13 90 9493760
13 91 3704862
13 92 11892623
13 93 9227639
13 94 217385
13 95 10974667
13 96 8918381
13 97 6167749
13 98 3621551
13 99 6348295
14 15 6910610
14 16 10030513
14 17 10191599
14 18 839965
14 19 10964177
14 20 5268588
14 21 7606824
14 22 5806870
14 23 7910047
14 24 5975842
14 25 11966922
14 26 5676124
14 27 1461179
14 28 5699673
14 29 5394130
14 30 11504184
14 31 1328009
14 32 5320546
14 33 4510744
14 34 7592715
14 35 1136865
14 36 10919590
14 37 1730101
14 38 7708408
14 39 10374968
14 40 10748034
14 41 11108802
14 42 3657231
14 43 2373029
14 44 119918
14 45 4038001
14 46 11998954
14 47 2210222
14 48 7896185
14 49 9300860
14 50 7642270
14 51 5136288
14 52 2765717
14 53 8996133
14 54 4138431
14 55 6003961
14 56 11148871
14 57 2077052
14 58 9021969
14 59 9888678
14 60 7183492
14 61 3976953
14 62 8329614
14 63 11873517
14 64 1100734
14 65 2598740
14 66 4887070
14 67 6557895
14 68 10182272
14 69 2911140
14 70 10904388
14 71 11113246
14 72 4237642
14 73 1083105
14 74 12225460
14 75 6939312
14 76 10652605
14 77 9345
14 78 1069286
14 79 4482094
14 80 12115158
14 81 5499214
14 82 9780866
14 83 6554240
14 84 9174181
14 85 6834187
14 86 6694266
14 87 10952410
14 88 11618359
14 89 4968555
14 90 10314087
14 91 8631714
14 92 3212882
14 93 6720442
14 94 4684805
14 95 6263116
14 96 576628
14 97 11575448
14 98 1902194
14 99 1960639
15 16 2700312
15 17 9157388
15 18 2550806
15 19 3542844
15 20 1853900
15 21 3771582
15 22 4730568
15 23 5512770
15 24 1068103
15 25 11926005
15 26 2109971
15 27 10150351
15 28 9267360
15 29 1029922
15 30 11087059
15 31 910100
15 32 7433131
15 33 8730653
15 34 12051046
15 35 4313546
15 36 2272303
15 37 9822115
15 38 4911743
15 39 1155749
15 40 6767356
15 41 11276694
15 42 6262236
15 43 6509722
15 44 11051507
15 45 8203641
15 46 7278870
15 47 9737467
15 48 1336482
15 49 2146419
15 50 6046001
15 51 6245940
15 52 6937285
15 53 9015127
15 54 6585804
15 55 5963828
15 56 9426833
15 57 8333672
15 58 5304531
15 59 7731470
15 60 1667320
15 61 11459766
15 62 12073489
15 63 9085495
15 64 4290183
15 65 7067393
15 66 6939384
15 67 9074360
15 68 4098075
15 69 1425101
15 70 1294035
15 71 5334570
15 72 2300635
15 73 8954809
15 74 8369029
15 75 4623351
15 76 4795757
15 77 4098961
15 78 4322477
15 79 8426871
15 80 9042353
15 81 10317214
15 82 7881305
15 83 8376567
15 84 8258988
15 85 9267015
15 86 9596788
15 87 4375280
15 88 2241971
15 89 6751448
15 90 10100173
15 91 6953732
15 92 9003330
15 93 11106140
15 94 1148979
15 95 7565343
15 96 4638446
15 97 10836561
15 98 6711044
15 99 1038499
16 17 9978170
16 18 12127427
16 19 11682924
16 20 11097556
16 21 10503021
16 22 6709719
16 23 1440514
16 24 1045675
16 25 1986176
16 26 5941792
16 27 1583945
16 28 6157851
16 29 4723625
16 30 8311807
16 31 4394459
16 32 8707484
16 33 9062782
16 34 7295581
16 35 2684017
16 36 5618334
16 37 9593068
16 38 11936178
16 39 897794
16 40 3234295
16 41 9857907
16 42 3525613
16 43 3776708
16 44 5799530
16 45 10061207
16 46 7106165
16 47 9446411
16 48 8801448
16 49 806814
16 50 5933870
16 51 6489724
16 52 2783187
16 53 6959971
16 54 8732533
16 55 5814995
16 56 3064833
16 57 5438904
16 58 3918546
16 59 7124425
16 60 8101971
16 61 884587
16 62 1094783
16 63 12195739
16 64 5162301
16 65 2020180
16 66 10431369
16 67 5901759
16 68 6332800
16 69 76508
16 70 7246009
16 71 1334538
16 72 9150610
16 73 4655650
16 74 8558637
16 75 11560331
16 76 11104826
16 77 11661643
16 78 2997037
16 79 2599670
16 80 10683649
16 81 8538571
16 82 1234830
16 83 7936940
16 84 10728172
16 85 9999080
16 86 8386171
16 87 4940459
16 88 1957378
16 89 4627591
16 90 1998870
16 91 1396367
16 92 7891137
16 93 1015006
16 94 6622133
16 95 8161055
16 96 10879750
16 97 9101624
16 98 2107579
16 99 907654
17 18 1398210
17 19 5209372
17 20 3085498
17 21 9835355
17 22 11449587
17 23 10085834
17 24 1679370
17 25 12235313
17 26 11420182
17 27 8007675
17 28 7635795
17 29 827261
17 30 6924861
17 31 5180566
17 32 7852315
17 33 9248327
17 34 2774195
17 35 8394264
17 36 7643191
17 37 399304
17 38 5175476
17 39 10748081
17 40 9939738
17 41 11454339
17 42 1737198
17 43 7855881
17 44 11394847
17 45 8872148
17 46 6568714
17 47 3604777
17 48 6699856
17 49 8924911
17 50 9009328
17 51 11260920
17 52 11723171
17 53 137281
17 54 11063948
17 55 6005891
17 56 7431956
17 57 6564016
17 58 4755489
17 59 6479876
17 60 8656119
17 61 5632861
17 62 7697847
17 63 3250380
17 64 4043388
17 65 3771144
17 66 2925307
17 67 9106450
17 68 9361991
17 69 6611384
17 70 2956406
17 71 1616826
17 72 11187203
17 73 1949675
17 74 4115634
17 75 6246922
17 76 9029989
17 77 9828255
17 78 3023421
17 79 2171676
17 80 9504469
17 81 11031640
17 82 10840738
17 83 10231446
17 84 5572837
17 85 8880519
17 86 1232960
17 87 10479315
17 88 11015541
17 89 2907985
17 90 10080904
17 91 1778020
17 92 7165779
17 93 1695302
17 94 8630923
17 95 1172966
17 96 4055182
17 97 7791355
17 98 3083462
17 99 6488757
18 19 559812
18 20 11175533
18 21 9011329
18 22 11844481
18 23 3736565
18 24 6443394
18 25 11839006
18 26 7461105
18 27 10474357
18 28 6106499
18 29 11999493
18 30 5327968
18 31 1127330
18 32 6782608
18 33 2915302
18 34 7687595
18 35 3762462
18 36 2970386
18 37 12157240
18 38 773407
18 39 9272450
18 40 3188461
18 41 1290516
18 42 5669163
18 43 11668829
18 44 11903107
18 45 4992791
18 46 11489001
18 47 1152216
18 48 8073121
18 49 4912728
18 50 3125917
18 51 6200017
18 52 9091982
18 53 7105284
18 54 8395201
18 55 8286503
18 56 11483725
18 57 2154955
18 58 7392260
18 59 11087194
18 60 7807090
18 61 6430682
18 62 9316658
18 63 2476616
18 64 3265031
18 65 10871953
18 66 4755866
18 67 6331534
18 68 2829159
18 69 133445
18 70 275597
18 71 10016109
18 72 2149889
18 73 3277812
18 74 1501437
18 75 3899675
18 76 4918170
18 77 11152604
18 78 932253
18 79 4995049
18 80 2718743
18 81 4333689
18 82 9623753
18 83 3335801
18 84 4540446
18 85 2090491
18 86 2837792
18 87 2551872
18 88 4503141
18 89 10679819
18 90 12079307
18 91 4651441
18 92 11770104
18 93 4182857
18 94 1081860
18 95 5013285
18 96 10806843
18 97 4078204
18 98 5590825
18 99 11074958
19 20 3138414
19 21 5670035
19 22 7229285
19 23 10840519
19 24 11074165
19 25 4492121
19 26 1701703
19 27 3250547
19 28 6636683
19 29 6430967
19 30 208320
19 31 3246246
19 32 1571246
19 33 2082068
19 34 10309082
19 35 7179957
19 36 705692
19 37 9233660
19 38 5525278
19 39 2813372
19 40 8415730
19 41 9194635
19 42 10466015
19 43 2267266
19 44 828447
19 45 5157974
19 46 9737046
19 47 2149516
19 48 2362252
19 49 4165459
19 50 11482066
19 51 5511548
19 52 5054676
19 53 7168560
19 54 1767677
19 55 7988296
19 56 8398558
19 57 5728098
19 58 9779737
19 59 6325224
19 60 1775420
19 61 9249566
19 62 3795616
19 63 2296230
19 64 6796705
19 65 6443540
19 66 4907320
19 67 877415
19 68 4644052
19 69 10934593
19 70 5850536
19 71 8581208
19 72 346494
19 73 2543697
19 74 5618611
19 75 7382690
19 76 9390721
19 77 11422676
19 78 1527649
19 79 11031209
19 80 9408954
19 81 698518
19 82 2313350
19 83 5375470
19 84 1757512
19 85 6645229
19 86 5314012
19 87 5072266
19 88 7951665
19 89 6374143
19 90 6726394
19 91 2675019
19 92 2973020
19 93 6362591
19 94 1320521
19 95 6729176
19 96 4290397
19 97 5148393
19 98 4471922
19 99 6824574
20 21 8549254
20 22 6765603
20 23 3240693
20 24 6023591
20 25 5687624
20 26 1492343
20 27 3229468
20 28 10849371
20 29 10107282
20 30 1489011
20 31 1473686
20 32 4392507
20 33 10908667
20 34 2635630
20 35 7373808
20 36 4384902
20 37 2560938
20 38 761713
20 39 135585
20 40 7122382
20 41 10722766
20 42 1645270
20 43 4061706
20 44 2911359
20 45 2405074
20 46 6252294
20 47 3013827
20 48 6841371
20 49 3644690
20 50 5355076
20 51 9706121
20 52 6753459
20 53 10077302
20 54 4299478
20 55 8827828
20 56 4117964
20 57 496438
20 58 3076870
20 59 826917
20 60 1107162
20 61 749104
20 62 8297730
20 63 8280455
20 64 6925882
20 65 3268826
20 66 9622355
20 67 5234028
20 68 7877355
20 69 9663887
20 70 3568574
20 71 3940727
20 72 12052447
20 73 3448142
20 74 2950726
20 75 3401314
20 76 4554270
20 77 7030214
20 78 11813771
20 79 10850607
20 80 3664701
20 81 9698485
20 82 11955203
20 83 8679130
20 84 4275984
20 85 1655298
20 86 7460803
20 87 5909993
20 88 4182843
20 89 12086760
20 90 2958449
20 91 6093494
20 92 6655703
20 93 2374792
20 94 8207296
20 95 1168715
20 96 3470878
20 97 601749
20 98 8251508
20 99 531158
21 22 2555495
21 23 6300859
21 24 5093967
21 25 4064467
21 26 1134412
21 27 4309925
21 28 10463711
21 29 7658537
21 30 6322551
21 31 6609070
21 32 10633788
21 33 338708
21 34 554346
21 35 6354358
21 36 5079579
21 37 9731080
21 38 8363409
21 39 7873485
21 40 12117981
21 41 8635340
21 42 3926128
21 43 8643058
21 44 3106468
21 45 7698549
21 46 983384
21 47 4824987
21 48 4680844
21 49 1414736
21 50 477859
21 51 7664547
21 52 10753675
21 53 1924741
21 54 1939968
21 55 2477272
21 56 9888669
21 57 3972056
21 58 4019993
21 59 4229780
21 60 4964864
21 61 7102558
21 62 9489144
21 63 9109016
21 64 2024724
21 65 1041136
21 66 6983416
21 67 3355431
21 68 2610046
21 69 1865289
21 70 8557123
21 71 1311970
21 72 5605279
21 73 8575085
21 74 12116280
21 75 8997142
21 76 902873
21 77 7604762
21 78 5201623
21 79 2660212
21 80 9066802
21 81 5544266
21 82 5654356
21 83 2596826
21 84 9279852
21 85 2116108
21 86 116197
21 87 7517601
21 88 2423504
21 89 5907363
21 90 3342766
21 91 4632979
21 92 7192066
21 93 7393414
21 94 8834249
21 95 7773285
21 96 8300078
21 97 8279771
21 98 2427972
21 99 1194963
22 23 9842903
22 24 10231038
22 25 1789697
22 26 6524045
22 27 2017815
22 28 4901545
22 29 536516
22 30 9033571
22 31 3962000
22 32 9299359
22 33 5182751
22 34 7390821
22 35 5566318
22 36 2471469
22 37 5583670
22 38 8638737
22 39 10857674
22 40 5194452
22 41 11897167
22 42 2184310
22 43 478116
22 44 4886318
22 45 11820868
22 46 3771762
22 47 1628205
22 48 4520413
22 49 10150684
22 50 5535648
22 51 9640218
22 52 9590888
22 53 6976047
22 54 10683703
22 55 1517215
22 56 1028208
22 57 10761110
22 58 6091586
22 59 11758928
22 60 6768981
22 61 2122264
22 62 220933
22 63 9776100
22 64 8412371
22 65 10582486
22 66 7141554
22 67 10094621
22 68 10173145
22 69 960478
22 70 12222603
22 71 858725
22 72 2677814
22 73 7920272
22 74 2948402
22 75 8706581
22 76 339628
22 77 10565405
22 78 8678241
22 79 289433
22 80 10265299
22 81 7259076
22 82 11064959
22 83 561279
22 84 4004339
22 85 4156434
22 86 9482789
22 87 4024464
22 88 6768200
22 89 10582411
22 90 9239676
22 91 2163286
22 92 10858422
22 93 10094369
22 94 7447876
22 95 3927255
22 96 4672282
22 97 1257516
22 98 5017929
22 99 7909103
23 24 9606780
23 25 4198003
23 26 7468555
23 27 3596189
23 28 11419818
23 29 8987129
23 30 11545647
23 31 1659438
23 32 6828664
23 33 3838668
23 34 7334178
23 35 2178100
23 36 9997564
23 37 4273122
23 38 10969232
23 39 8229711
23 40 1466022
23 41 2160115
23 42 7653835
23 43 5834365
23 44 4057614
23 45 1662068
23 46 10644305
23 47 8643710
23 48 562000
23 49 11298924
23 50 9834889
23 51 4779818
23 52 9953151
23 53 6657869
23 54 11590035
23 55 3799706
23 56 9261578
23 57 6024535
23 58 11373252
23 59 12030858
23 60 8326851
23 61 11395630
23 62 4386962
23 63 2111933
23 64 12176706
23 65 5753424
23 66 9763743
23 67 11626162
23 68 5041684
23 69 3770245
23 70 3726842
23 71 7158745
23 72 9569696
23 73 2163487
23 74 550181
23 75 7834408
23 76 1558704
23 77 9937683
23 78 7862609
23 79 6333161
23 80 2545522
23 81 1063323
23 82 4642621
23 83 8869748
23 84 6745392
23 85 7415298
23 86 7104437
23 87 928750
23 88 11616181
23 89 6705114
23 90 5041315
23 91 12065316
23 92 2230477
23 93 10026068
23 94 6140882
23 95 3221638
23 96 3644244
23 97 8336789
23 98 1008870
23 99 11799916
24 25 266657
24 26 5307859
24 27 7662775
24 28 8420764
24 29 12076172
24 30 1116119
24 31 11060921
24 32 8079766
24 33 6283749
24 34 6705882
24 35 7869289
24 36 529419
24 37 10710249
24 38 2975816
24 39 1235715
24 40 4466237
24 41 8177730
24 42 1857227
24 43 4927197
24 44 10084261
24 45 7094938
24 46 11438566
24 47 5492168
24 48 10633435
24 49 9623038
24 50 1398239
24 51 10592888
24 52 578989
24 53 4186970
24 54 4364519
24 55 5699450
24 56 9608117
24 57 6329341
24 58 6797404
24 59 12138235
24 60 356306
24 61 7738438
24 62 7811172
24 63 10456503
24 64 8431554
24 65 7680284
24 66 267416
24 67 5425518
24 68 12169507
24 69 680505
24 70 6793419
24 71 6547224
24 72 11055111
24 73 6284895
24 74 10348643
24 75 7363905
24 76 3999749
24 77 1450107
24 78 9644388
24 79 6731664
24 80 8044403
24 81 8678930
24 82 11316726
24 83 9535979
24 84 4424358
24 85 691325
24 86 9646846
24 87 9298113
24 88 10420339
24 89 10885504
24 90 30362
24 91 11493689
24 92 1147150
24 93 8279800
24 94 7996043
24 95 5409099
24 96 2692622
24 97 5957413
24 98 1655776
24 99 11184398
25 26 9736565
25 27 12117940
25 28 3344111
25 29 8191415
25 30 8408055
25 31 10641468
25 32 7542732
25 33 6165934
25 34 7168365
25 35 11909782
25 36 3793753
25 37 10536956
25 38 5657871
25 39 6706959
25 40 9079647
25 41 6281443
25 42 3690830
25 43 9109348
25 44 5240517
25 45 1225030
25 46 5712242
25 47 11321950
25 48 110555
25 49 7903916
25 50 3373909
25 51 1760509
25 52 7647566
25 53 465443
25 54 3142373
25 55 3153298
25 56 7430536
25 57 8713870
25 58 11200207
25 59 3499930
25 60 2704106
25 61 412406
25 62 9992959
25 63 5991842
25 64 7977825
25 65 1868868
25 66 11457880
25 67 7503850
25 68 10545
25 69 3719641
25 70 10244668
25 71 5316060
25 72 10071411
25 73 2359544
25 74 7138763
25 75 12177878
25 76 1498210
25 77 6771171
25 78 3812465
25 79 1321164
25 80 1863620
25 81 6319226
25 82 7321046
25 83 6521231
25 84 1166192
25 85 7827755
25 86 9679609
25 87 8787093
25 88 4421476
25 89 9691439
25 90 5786712
25 91 11262948
25 92 7668527
25 93 1555350
25 94 11857990
25 95 8781791
25 96 7754755
25 97 5871638
25 98 3412158
25 99 1687400
26 27 8199284
26 28 10086321
26 29 2154023
26 30 1109723
26 31 9479306
26 32 2224635
26 33 9200167
26 34 9210374
26 35 7344373
26 36 4100700
26 37 3576100
26 38 3495745
26 39 5424264
26 40 7549743
26 41 8161505
26 42 3271447
26 43 6596310
26 44 7543654
26 45 655105
26 46 5135135
26 47 7615833
26 48 1695739
26 49 3838866
26 50 10292277
26 51 1891900
26 52 8336441
26 53 1354349
26 54 6416164
26 55 5494141
26 56 9225863
26 57 4962316
26 58 6123560
26 59 5092907
26 60 5839980
26 61 9614100
26 62 231885
26 63 5937646
26 64 6117892
26 65 2016615
26 66 11671459
26 67 8666348
26 68 7663842
26 69 3609690
26 70 11635874
26 71 7120229
26 72 1465464
26 73 7006618
26 74 9602688
26 75 8089935
26 76 8933872
26 77 4915959
26 78 4843019
26 79 10979470
26 80 9076667
26 81 7471938
26 82 8068076
26 83 11930576
26 84 10014184
26 85 2291473
26 86 8689580
26 87 9042347
26 88 506760
26 89 7840305
26 90 10101069
26 91 2604061
26 92 3324299
26 93 7262399
26 94 3854630
26 95 11781806
26 96 4401436
26 97 899071
26 98 6473671
26 99 4869320
27 28 5654148
27 29 8187503
27 30 9522525
27 31 5331268
27 32 6787957
27 33 5889377
27 34 956808
27 35 7563253
27 36 2692524
27 37 2452297
27 38 9628666
27 39 8198827
27 40 2459464
27 41 11290295
27 42 1208270
27 43 8293777
27 44 2389562
27 45 54473
27 46 7827836
27 47 1516348
27 48 1362079
27 49 3062728
27 50 10503577
27 51 8598577
27 52 8344681
27 53 8172487
27 54 10532100
27 55 8147637
27 56 5382668
27 57 10884333
27 58 3098510
27 59 1734257
27 60 11554416
27 61 1034217
27 62 9256622
27 63 8078827
27 64 1211787
27 65 5369280
27 66 11754071
27 67 7478336
27 68 3743180
27 69 8289822
27 70 1527343
27 71 861192
27 72 1851229
27 73 5379718
27 74 5651743
27 75 6795536
27 76 2001901
27 77 8477704
27 78 4502398
27 79 581912
27 80 10022353
27 81 291746
27 82 10222681
27 83 9015510
27 84 11007801
27 85 12037017
27 86 3610033
27 87 9622590
27 88 2682949
27 89 4624675
27 90 2109679
27 91 2389255
27 92 9682648
27 93 5165282
27 94 11097196
27 95 7651523
27 96 395195
27 97 11019578
27 98 3003044
27 99 9310740
28 29 4220943
28 30 10351854
28 31 11260285
28 32 8806770
28 33 9802786
28 34 216953
28 35 8958732
28 36 3571425
28 37 3581319
28 38 9729591
28 39 2122603
28 40 2454002
28 41 74128
28 42 127449
28 43 9031196
28 44 6569140
28 45 5492249
28 46 12172914
28 47 8412982
28 48 7937869
28 49 6339716
28 50 11561294
28 51 10619452
28 52 1865382
28 53 6086551
28 54 8469700
28 55 1235071
28 56 11996031
28 57 8075552
28 58 3903547
28 59 4921724
28 60 2814897
28 61 2679976
28 62 9332394
28 63 7487218
28 64 6731440
28 65 7302302
28 66 1494427
28 67 11390235
28 68 10551694
28 69 11758638
28 70 3336132
28 71 5233871
28 72 10977057
28 73 11116547
28 74 6268618
28 75 11637418
28 76 3953307
28 77 2780143
28 78 3322555
28 79 3526774
28 80 29753
28 81 2305199
28 82 9602570
28 83 9634992
28 84 9518690
28 85 6231109
28 86 1142049
28 87 8836613
28 88 9767935
28 89 7040967
28 90 10546025
28 91 11861894
28 92 8552561
28 93 3675169
28 94 11003836
28 95 9220706
28 96 3372073
28 97 7690350
28 98 1259915
28 99 1440425
29 30 10599163
29 31 3813199
29 32 2696555
29 33 6743879
29 34 3967640
29 35 646052
29 36 2689988
29 37 9411435
29 38 8092172
29 39 7168624
29 40 1874927
29 41 2461149
29 42 10670765
29 43 11778424
29 44 11050377
29 45 11150939
29 46 1691360
29 47 7386966
29 48 4534296
29 49 836121
29 50 728127
29 51 837471
29 52 10484082
29 53 5399952
29 54 10746160
29 55 4824467
29 56 3663760
29 57 4924851
29 58 2882762
29 59 9718165
29 60 9463004
29 61 5741656
29 62 11098026
29 63 825827
29 64 4394103
29 65 9653010
29 66 9242308
29 67 2075970
29 68 10814757
29 69 8507586
29 70 11989083
29 71 4810938
29 72 10668704
29 73 4985261
29 74 1593687
29 75 12104396
29 76 3019117
29 77 749307
29 78 3700505
29 79 4907560
29 80 3266173
29 81 4901682
29 82 8050848
29 83 10426931
29 84 12136243
29 85 10436690
29 86 8135599
29 87 12245914
29 88 11042173
29 89 5119005
29 90 12170930
29 91 8389200
29 92 4451216
29 93 6686910
29 94 5237929
29 95 5324231
29 96 10721685
29 97 9874707
29 98 2659394
29 99 8677206
30 31 4242402
30 32 7588540
30 33 11179346
30 34 5973237
30 35 1569898
30 36 5388471
30 37 7673539
30 38 11992689
30 39 3964672
30 40 9303358
30 41 10617090
30 42 7959912
30 43 1006570
30 44 3433702
30 45 8453655
30 46 11168554
30 47 6537755
30 48 45044
30 49 8833883
30 50 9730910
30 51 3860644
30 52 2974001
30 53 4618536
30 54 551669
30 55 1003051
30 56 10577336
30 57 11612480
30 58 6189793
30 59 5578858
30 60 10018806
30 61 6109495
30 62 9764153
30 63 8587619
30 64 8712648
30 65 6684256
30 66 7871345
30 67 7957320
30 68 5323800
30 69 6368179
30 70 10689327
30 71 7394111
30 72 1753715
30 73 1378007
30 74 8424550
30 75 1299143
30 76 7751337
30 77 1416060
30 78 10990527
30 79 1823314
30 80 184515
30 81 12186362
30 82 2365811
30 83 4574876
30 84 4643850
30 85 1231167
30 86 3949298
30 87 2787554
30 88 1076580
30 89 8995077
30 90 10767773
30 91 4318136
30 92 8886359
30 93 4478695
30 94 4390008
30 95 11640055
30 96 8117177
30 97 1444815
30 98 2336296
30 99 2025150
31 32 2361551
31 33 8091991
31 34 11353006
31 35 8045900
31 36 1856089
31 37 4584152
31 38 9238577
31 39 11271105
31 40 3453869
31 41 7797559
31 42 8205365
31 43 5122654
31 44 11588629
31 45 5468759
31 46 3471152
31 47 9739582
31 48 5453067
31 49 3912966
31 50 6967267
31 51 4117723
31 52 4756460
31 53 7305487
31 54 7549725
31 55 9686244
31 56 9750179
31 57 953613
31 58 2207804
31 59 10230243
31 60 5803079
31 61 7538482
31 62 4935650
31 63 1333960
31 64 4178200
31 65 10929334
31 66 2269173
31 67 7638632
31 68 446047
31 69 10338720
31 70 1397419
31 71 3357042
31 72 8829415
31 73 5848194
31 74 6822318
31 75 10129026
31 76 4519296
31 77 11110742
31 78 1189455
31 79 11986562
31 80 12090069
31 81 8241552
31 82 10324219
31 83 4922251
31 84 3363855
31 85 5176695
31 86 207919
31 87 3128369
31 88 338388
31 89 4735358
31 90 3590951
31 91 11262145
31 92 11191287
31 93 2737197
31 94 2659799
31 95 11160341
31 96 10567160
31 97 1736316
31 98 12083642
31 99 133882
32 33 2391817
32 34 764057
32 35 6150590
32 36 6124118
32 37 2450108
32 38 5142477
32 39 2015077
32 40 351995
32 41 144020
32 42 301262
32 43 4456049
32 44 8311154
32 45 12143087
32 46 9780550
32 47 2959398
32 48 2575878
32 49 7111906
32 50 2045033
32 51 11039073
32 52 7089229
32 53 6279353
32 54 6960645
32 55 2397560
32 56 4910189
32 57 11011958
32 58 4284761
32 59 273098
32 60 1767262
32 61 12219213
32 62 10594697
32 63 1010405
32 64 6386801
32 65 8276365
32 66 3479561
32 67 2835093
32 68 7846654
32 69 2487869
32 70 5716745
32 71 4558611
32 72 9867231
32 73 2863412
32 74 8503704
32 75 3487289
32 76 2150324
32 77 6714555
32 78 2857478
32 79 4244751
32 80 6035951
32 81 9418566
32 82 6220264
32 83 7836588
32 84 8441830
32 85 5375443
32 86 9221326
32 87 11144138
32 88 6467849
32 89 6775850
32 90 5726946
32 91 9136406
32 92 11905944
32 93 6516070
32 94 528301
32 95 10864397
32 96 1741887
32 97 4052758
32 98 1705806
32 99 9557650
33 34 4149151
33 35 4382086
33 36 5390872
33 37 3233598
33 38 4600861
33 39 4527111
33 40 9213050
33 41 8898955
33 42 9644213
33 43 8044381
33 44 5925678
33 45 1081708
33 46 9229293
33 47 5917968
33 48 6715126
33 49 9437712
33 50 8760467
33 51 2420919
33 52 7674798
33 53 7352386
33 54 648464
33 55 5229299
33 56 10543392
33 57 5777408
33 58 5102962
33 59 8569796
33 60 4928313
33 61 10692669
33 62 6043392
33 63 11088055
33 64 9928021
33 65 10651246
33 66 9146423
33 67 11696119
33 68 10953270
33 69 10277425
33 70 10895526
33 71 4309993
33 72 4239727
33 73 2904550
33 74 10893047
33 75 8687216
33 76 6881705
33 77 1399578
33 78 2858950
33 79 3192341
33 80 7820562
33 81 17313
33 82 9877276
33 83 8780728
33 84 214160
33 85 2331294
33 86 7214679
33 87 4776494
33 88 5270471
33 89 12095474
33 90 6045973
33 91 11574459
33 92 9919639
33 93 6144345
33 94 8041279
33 95 768173
33 96 6862001
33 97 10423128
33 98 5947919
33 99 11748114
34 35 10982587
34 36 3613494
34 37 3559666
34 38 265882
34 39 3113803
34 40 1355500
34 41 7378680
34 42 2144098
34 43 5653882
34 44 8740273
34 45 2692957
34 46 10120524
34 47 8031003
34 48 8641791
34 49 3892569
34 50 5958011
34 51 7139460
34 52 8722720
34 53 7412639
34 54 7915681
34 55 3433809
34 56 1064544
34 57 2607736
34 58 11029045
34 59 4481401
34 60 7312992
34 61 9954908
34 62 9418442
34 63 7693963
34 64 9660265
34 65 2604614
34 66 10087610
34 67 7749122
34 68 8014414
34 69 11481843
34 70 2522463
34 71 11257864
34 72 7266074
34 73 5199112
34 74 836656
34 75 10465455
34 76 4859158
34 77 4086426
34 78 7836705
34 79 3309359
34 80 6231386
34 81 5727250
34 82 1903319
34 83 8577190
34 84 10398584
34 85 6195128
34 86 7078158
34 87 7407188
34 88 5155218
34 89 12109247
34 90 3303255
34 91 2028280
34 92 3346438
34 93 5709338
34 94 9932141
34 95 6012104
34 96 4950230
34 97 3634424
34 98 1370374
34 99 9070940
35 36 7470536
35 37 10107928
35 38 1593886
35 39 9906760
35 40 10048377
35 41 9386894
35 42 964574
35 43 7456556
35 44 9898605
35 45 726943
35 46 5637189
35 47 1559339
35 48 10090792
35 49 1492226
35 50 1002867
35 51 1758572
35 52 5612285
35 53 8187876
35 54 805149
35 55 8832274
35 56 4881369
35 57 8933809
35 58 7784150
35 59 814237
35 60 8935153
35 61 6385074
35 62 1804851
35 63 7321775
35 64 12172870
35 65 5639285
35 66 6589315
35 67 2810362
35 68 10362629
35 69 9551649
35 70 934659
35 71 6572782
35 72 5933256
35 73 7524296
35 74 869485
35 75 4313882
35 76 3377097
35 77 3446888
35 78 8668798
35 79 6551216
35 80 5905925
35 81 11202576
35 82 11882158
35 83 8354689
35 84 2337054
35 85 8544503
35 86 707248
35 87 8297140
35 88 11915785
35 89 11103118
35 90 8069584
35 91 90161
35 92 1951951
35 93 2414223
35 94 5358217
35 95 10031067
35 96 3329403
35 97 712249
35 98 1546954
35 99 1995849
36 37 6012070
36 38 5276445
36 39 649155
36 40 3261630
36 41 9011455
36 42 302023
36 43 626296
36 44 7244432
36 45 3601847
36 46 10741415
36 47 6871424
36 48 11039539
36 49 8205006
36 50 5546623
36 51 9298917
36 52 5515952
36 53 2912359
36 54 6846584
36 55 9002039
36 56 479234
36 57 10841964
36 58 6822895
36 59 4346328
36 60 5826565
36 61 6054317
36 62 11944179
36 63 5194243
36 64 4959988
36 65 10605224
36 66 11828761
36 67 9685621
36 68 9835475
36 69 7952804
36 70 494463
36 71 2292457
36 72 7404053
36 73 5306074
36 74 7952717
36 75 3114471
36 76 11743310
36 77 851289
36 78 4008553
36 79 4533126
36 80 11895687
36 81 439950
36 82 4649217
36 83 4039956
36 84 5161515
36 85 1054841
36 86 11564996
36 87 5817706
36 88 6315461
36 89 2790831
36 90 11424780
36 91 2790197
36 92 3146684
36 93 1215848
36 94 4302212
36 95 3334197
36 96 8424823
36 97 5399313
36 98 2728793
36 99 9225499
37 38 10332759
37 39 2258467
37 40 2621265
37 41 12151555
37 42 1253175
37 43 12056599
37 44 2319323
37 45 11417149
37 46 2970516
37 47 11348044
37 48 7005434
37 49 1549675
37 50 784383
37 51 11941174
37 52 11140592
37 53 6124257
37 54 2707816
37 55 6692115
37 56 320420
37 57 5323154
37 58 12214420
37 59 8263579
37 60 2327117
37 61 4063763
37 62 2033347
37 63 6699267
37 64 4874713
37 65 6849957
37 66 10680767
37 67 1830076
37 68 1385846
37 69 7014056
37 70 9663922
37 71 7738697
37 72 1552417
37 73 9225924
37 74 4578855
37 75 1358592
37 76 710895
37 77 7041076
37 78 9248773
37 79 6518979
37 80 10089617
37 81 6813641
37 82 12173345
37 83 9572499
37 84 11926164
37 85 11686393
37 86 4237996
37 87 10604496
37 88 8420717
37 89 10528239
37 90 6754803
37 91 7850140
37 92 2299449
37 93 1347443
37 94 70995
37 95 6589552
37 96 8132410
37 97 7197756
37 98 4015188
37 99 9504380
38 39 1573472
38 40 2417189
38 41 750638
38 42 7793558
38 43 9959304
38 44 3456790
38 45 1939450
38 46 4485820
38 47 2273208
38 48 2339643
38 49 6104081
38 50 3089417
38 51 8195659
38 52 11695567
38 53 11597895
38 54 865703
38 55 7725250
38 56 6821509
38 57 3174357
38 58 2207831
38 59 9212128
38 60 10156217
38 61 7695147
38 62 4357167
38 63 11301514
38 64 3325754
38 65 10428126
38 66 10404495
38 67 4587454
38 68 6460098
38 69 634642
38 70 5950696
38 71 10823466
38 72 5462968
38 73 9133052
38 74 1484776
38 75 2756846
38 76 779847
38 77 7758029
38 78 899284
38 79 5082054
38 80 2350744
38 81 7693142
38 82 1016514
38 83 8412804
38 84 7504859
38 85 65916
38 86 7550137
38 87 5998889
38 88 7374465
38 89 5491744
38 90 1617405
38 91 4764539
38 92 11642725
38 93 7718626
38 94 11836265
38 95 6125322
38 96 9246189
38 97 6664693
38 98 7659979
38 99 4637072
39 40 8575897
39 41 9197562
39 42 8391842
39 43 11528872
39 44 8401410
39 45 514110
39 46 7678224
39 47 6360728
39 48 9794613
39 49 3173710
39 50 3839299
39 51 9745807
39 52 7976335
39 53 6649085
39 54 5308908
39 55 8368102
39 56 4758786
39 57 8018992
39 58 2164543
39 59 8657228
39 60 1602380
39 61 9016746
39 62 3236391
39 63 9097063
39 64 2834112
39 65 4562947
39 66 2942782
39 67 11010404
39 68 3137737
39 69 3865065
39 70 3542136
39 71 6453814
39 72 1205804
39 73 2895026
39 74 10245977
39 75 9823662
39 76 1761401
39 77 3535690
39 78 11634235
39 79 749612
39 80 4332310
39 81 2386856
39 82 1600878
39 83 4752827
39 84 6872102
39 85 7330434
39 86 11108411
39 87 8119187
39 88 7438178
39 89 6751216
39 90 3024332
39 91 2513150
39 92 9506877
39 93 6163171
39 94 4275096
39 95 11770481
39 96 9519782
39 97 712279
39 98 6861545
39 99 11596938
40 41 8414313
40 42 5626616
40 43 10663793
40 44 9924345
40 45 3067914
40 46 6946889
40 47 4293092
40 48 6853150
40 49 11551217
40 50 1107589
40 51 2601581
40 52 8792913
40 53 153591
40 54 10426755
40 55 11524771
40 56 75083
40 57 9232715
40 58 9297435
40 59 4444043
40 60 3858576
40 61 2520618
40 62 2994908
40 63 5545716
40 64 10622288
40 65 11279352
40 66 1335766
40 67 1268185
40 68 5106053
40 69 4858495
40 70 154338
40 71 10484179
40 72 10123985
40 73 10959097
40 74 6219184
40 75 7902904
40 76 6956907
40 77 7095107
40 78 1026291
40 79 10588427
40 80 11657027
40 81 381766
40 82 409663
40 83 5212155
40 84 2318843
40 85 2057282
40 86 8648530
40 87 5159154
40 88 1057897
40 89 11584530
40 90 3784354
40 91 5036627
40 92 10584833
40 93 9134311
40 94 5604856
40 95 8531351
40 96 6203219
40 97 2426479
40 98 3504486
40 99 1228413
41 42 5901485
41 43 9053648
41 44 1487657
41 45 5202548
41 46 755738
41 47 4440803
41 48 3844878
41 49 4295850
41 50 7485579
41 51 6999202
41 52 1673146
41 53 5285949
41 54 2967539
41 55 10057122
41 56 7253559
41 57 11100951
41 58 1577220
41 59 8828409
41 60 5171857
41 61 10980184
41 62 5014975
41 63 8911034
41 64 5186122
41 65 7127632
41 66 4760455
41 67 5512566
41 68 3131332
41 69 2415801
41 70 11502965
41 71 4423668
41 72 10884018
41 73 453983
41 74 6909871
41 75 5409559
41 76 7978955
41 77 4786591
41 78 2170224
41 79 10987526
41 80 4853383
41 81 11923932
41 82 11037671
41 83 11253945
41 84 9273741
41 85 8081332
41 86 9955003
41 87 10874441
41 88 3616079
41 89 9179479
41 90 10004628
41 91 3735614
41 92 3152073
41 93 6653317
41 94 2644362
41 95 11753031
41 96 9914087
41 97 8713739
41 98 7693388
41 99 12161392
42 43 6974099
42 44 95758
42 45 342362
42 46 9155438
42 47 11637529
42 48 10960567
42 49 7641329
42 50 344645
42 51 3126847
42 52 2280710
42 53 1139615
42 54 618290
42 55 8474681
42 56 7688203
42 57 5272832
42 58 8459992
42 59 6987613
42 60 2490303
42 61 9536262
42 62 4039954
42 63 2980489
42 64 4050187
42 65 8900277
42 66 1964776
42 67 7461476
42 68 4564595
42 69 2421098
42 70 9836476
42 71 7469929
42 72 4217531
42 73 4656294
42 74 3294873
42 75 10910852
42 76 3337689
42 77 8905937
42 78 6835522
42 79 10820122
42 80 10774858
42 81 9573328
42 82 4414800
42 83 2174928
42 84 5431559
42 85 11513384
42 86 2025798
42 87 3300603
42 88 8446835
42 89 11819778
42 90 3928546
42 91 1592435
42 92 8091241
42 93 11471988
42 94 9505016
42 95 6051125
42 96 2003187
42 97 12112935
42 98 4973261
42 99 2056513
43 44 2217596
43 45 10283757
43 46 10315138
43 47 4988467
43 48 12174140
43 49 7699048
43 50 4112792
43 51 457897
43 52 3971
43 53 4109005
43 54 12096112
43 55 6818256
43 56 305096
43 57 7572012
43 58 5574783
43 59 4359051
43 60 2373264
43 61 4321464
43 62 1629889
43 63 7796538
43 64 1201330
43 65 1059955
43 66 4191082
43 67 8081427
43 68 6556027
43 69 10164465
43 70 11710908
43 71 2614345
43 72 5732728
43 73 3073234
43 74 7018814
43 75 235600
43 76 10211084
43 77 6366107
43 78 6614483
43 79 6900395
43 80 9008272
43 81 10308335
43 82 10845235
43 83 2991705
43 84 2429588
43 85 6389182
43 86 6231334
43 87 5427356
43 88 12064438
43 89 2947787
43 90 6611953
43 91 4290568
43 92 3343941
43 93 1805800
43 94 433647
43 95 5074473
43 96 4046384
43 97 11386478
43 98 3842737
43 99 11933334
44 45 11793463
44 46 2615602
44 47 1944284
44 48 387229
44 49 5769889
44 50 2110449
44 51 10453127
44 52 11283824
44 53 3132790
44 54 6330759
44 55 7952588
44 56 3662184
44 57 6376734
44 58 1489669
44 59 1605512
44 60 10996756
44 61 3830148
44 62 1506636
44 63 8151733
44 64 2588159
44 65 2629727
44 66 57008
44 67 12056510
44 68 2537129
44 69 7784542
44 70 3744143
44 71 10503188
44 72 3227611
44 73 4776432
44 74 4960559
44 75 12175725
44 76 9358991
44 77 9508073
44 78 9496727
44 79 2388937
44 80 7429586
44 81 2420873
44 82 2294758
44 83 4844392
44 84 7338796
44 85 5775206
44 86 8681729
44 87 2884829
44 88 6270730
44 89 2303283
44 90 4572445
44 91 5012834
44 92 1528465
44 93 5433578
44 94 5231352
44 95 10375227
44 96 2002643
44 97 3337156
44 98 3787639
44 99 8941283
45 46 5665157
45 47 7159284
45 48 7965313
45 49 10156699
45 50 3457236
45 51 1295120
45 52 5380400
45 53 10891851
45 54 3389895
45 55 6724293
45 56 2360760
45 57 10867677
45 58 7187230
45 59 8019652
45 60 4455720
45 61 11325596
45 62 8394818
45 63 9298505
45 64 1659637
45 65 1499571
45 66 5146718
45 67 124159
45 68 10881075
45 69 796916
45 70 211956
45 71 5518325
45 72 2132186
45 73 9295081
45 74 4502611
45 75 11676675
45 76 5554526
45 77 9804637
45 78 9851012
45 79 415563
45 80 303138
45 81 2307357
45 82 5720888
45 83 5757801
45 84 8686355
45 85 3564151
45 86 8269790
45 87 11475452
45 88 7388120
45 89 2022713
45 90 7192569
45 91 11596565
45 92 1031482
45 93 692624
45 94 5576959
45 95 10874355
45 96 5235733
45 97 2375203
45 98 2211725
45 99 3439084
46 47 10385432
46 48 11835867
46 49 7177821
46 50 5176463
46 51 7703887
46 52 356953
46 53 1429324
46 54 9467085
46 55 9717784
46 56 5263441
46 57 4325047
46 58 9773553
46 59 4200673
46 60 5494641
46 61 5863664
46 62 2229045
46 63 7275829
46 64 1772099
46 65 4827905
46 66 2158613
46 67 10306021
46 68 922663
46 69 4696688
46 70 6730942
46 71 11988173
46 72 6073050
46 73 1350347
46 74 9369711
46 75 10429023
46 76 11751248
46 77 466640
46 78 11405839
46 79 9642482
46 80 2617455
46 81 665379
46 82 9557779
46 83 2585535
46 84 1581061
46 85 4577802
46 86 8146997
46 87 2892161
46 88 6180723
46 89 2876460
46 90 9419826
46 91 5718777
46 92 910503
46 93 9776117
46 94 9464920
46 95 7974788
46 96 5427925
46 97 5629399
46 98 7189799
46 99 10577770
47 48 11413488
47 49 5817049
47 50 6451972
47 51 237570
47 52 6933242
47 53 10069297
47 54 1074179
47 55 10681956
47 56 6188506
47 57 6725079
47 58 11591134
47 59 11719191
47 60 5270880
47 61 10628823
47 62 6552676
47 63 1238318
47 64 4130744
47 65 3744585
47 66 7396810
47 67 1192041
47 68 5910933
47 69 8151889
47 70 10492646
47 71 2051520
47 72 6643499
47 73 4162517
47 74 8573738
47 75 5938712
47 76 527843
47 77 5190090
47 78 4921265
47 79 2454243
47 80 3661744
47 81 7781083
47 82 6930568
47 83 2199103
47 84 4471118
47 85 699696
47 86 11879328
47 87 4233237
47 88 8057664
47 89 9712310
47 90 7165563
47 91 4109136
47 92 10835278
47 93 9306546
47 94 7527730
47 95 2727666
47 96 6796342
47 97 438417
47 98 670094
47 99 11893540
48 49 94386
48 50 464304
48 51 9038262
48 52 8272802
48 53 9286176
48 54 560696
48 55 7028068
48 56 4998647
48 57 10607263
48 58 7251049
48 59 6609366
48 60 11019038
48 61 3999295
48 62 11403968
48 63 4072891
48 64 1686856
48 65 11477558
48 66 12046489
48 67 994198
48 68 9542394
48 69 4726264
48 70 5233410
48 71 11652849
48 72 11671297
48 73 1410489
48 74 3449797
48 75 4667170
48 76 70119
48 77 10475759
48 78 8181099
48 79 1445316
48 80 6768942
48 81 9280224
48 82 208998
48 83 2323271
48 84 7249748
48 85 7956614
48 86 280174
48 87 10714098
48 88 10418398
48 89 12241632
48 90 3923603
48 91 10949439
48 92 10429255
48 93 9573032
48 94 3973653
48 95 9870040
48 96 2650479
48 97 3282152
48 98 9130242
48 99 516676
49 50 11148811
49 51 2510919
49 52 11198689
49 53 4943051
49 54 5173082
49 55 3619029
49 56 5000341
49 57 4972750
49 58 3001908
49 59 3744985
49 60 6084316
49 61 7821585
49 62 3430211
49 63 9189076
49 64 6254830
49 65 3592693
49 66 8828871
49 67 7738355
49 68 278029
49 69 9109127
49 70 12062721
49 71 1010417
49 72 11535835
49 73 4912259
49 74 9028649
49 75 348032
49 76 1000488
49 77 604888
49 78 3638768
49 79 4165791
49 80 11827266
49 81 5652119
49 82 9810356
49 83 8893329
49 84 9177635
49 85 5887447
49 86 8957377
49 87 9584037
49 88 10681731
49 89 8936882
49 90 10344639
49 91 8059601
49 92 5875326
49 93 3047633
49 94 7129759
49 95 11873674
49 96 8622511
49 97 9895693
49 98 11102127
49 99 10934522
50 51 1482306
50 52 5274928
50 53 671194
50 54 7059625
50 55 2493198
50 56 6552057
50 57 5429622
50 58 8459453
50 59 6326221
50 60 3112419
50 61 11846803
50 62 9712645
50 63 11842063
50 64 11663568
50 65 2435616
50 66 2559066
50 67 4255974
50 68 4385589
50 69 5435868
50 70 10211825
50 71 3382639
50 72 2841304
50 73 9757289
50 74 7092923
50 75 934397
50 76 5465570
50 77 1371239
50 78 3683001
50 79 6028984
50 80 8603062
50 81 6954422
50 82 6944451
50 83 10645754
50 84 10738210
50 85 4551480
50 86 3471816
50 87 2971582
50 88 11170793
50 89 7101966
50 90 7789981
50 91 10823822
50 92 8917801
50 93 11212125
50 94 4365409
50 95 3727276
50 96 10748334
50 97 2941119
50 98 904896
50 99 9571237
51 52 3103195
51 53 3227824
51 54 10751519
51 55 6366181
51 56 9535472
51 57 8111971
51 58 9538611
51 59 8732011
51 60 5607670
51 61 3274239
51 62 5280112
51 63 8398534
51 64 6815520
51 65 5118292
51 66 790006
51 67 9703964
51 68 3622463
51 69 8769917
51 70 8396893
51 71 6311047
51 72 9554537
51 73 11714406
51 74 7923778
51 75 3273766
51 76 6846396
51 77 9254610
51 78 10804722
51 79 6569727
51 80 4797195
51 81 6906358
51 82 6833502
51 83 680006
51 84 6540355
51 85 3739491
51 86 3135324
51 87 10398298
51 88 3322970
51 89 4617328
51 90 10832646
51 91 8728131
51 92 9844052
51 93 11645258
51 94 4406691
51 95 1333637
51 96 7666864
51 97 9344619
51 98 582047
51 99 6753080
52 53 196866
52 54 3180625
52 55 8327204
52 56 3781656
52 57 5784289
52 58 2147938
52 59 10933493
52 60 11758136
52 61 9273414
52 62 6086494
52 63 1322959
52 64 10785366
52 65 2017574
52 66 11396015
52 67 10276835
52 68 10294753
52 69 3821773
52 70 8153099
52 71 8154632
52 72 8482539
52 73 4864650
52 74 3444296
52 75 3306214
52 76 2671145
52 77 5420837
52 78 3346230
52 79 1466241
52 80 2535482
52 81 9575467
52 82 8641543
52 83 11870369
52 84 9463196
52 85 8047453
52 86 7611159
52 87 10752619
52 88 2841218
52 89 9870290
52 90 3400880
52 91 6552090
52 92 9961571
52 93 12190981
52 94 5046530
52 95 5186271
52 96 6157226
52 97 8470968
52 98 3829461
52 99 2841027
53 54 11377455
53 55 11432232
53 56 369899
53 57 8180946
53 58 8376044
53 59 8007304
53 60 6876766
53 61 11062520
53 62 2229888
53 63 1488169
53 64 7592509
53 65 12056923
53 66 1477726
53 67 6138256
53 68 11462100
53 69 5651675
53 70 12245453
53 71 7269293
53 72 1694456
53 73 3115231
53 74 2078849
53 75 6735152
53 76 11938456
53 77 1660132
53 78 8225079
53 79 1173072
53 80 9669132
53 81 9034383
53 82 4683122
53 83 2894836
53 84 2214580
53 85 9408286
53 86 6211068
53 87 7248688
53 88 4184519
53 89 4791251
53 90 10284587
53 91 5930579
53 92 531100
53 93 5210003
53 94 8974200
53 95 12096003
53 96 6956510
53 97 1225899
53 98 10794265
53 99 407115
54 55 9464093
54 56 7659835
54 57 6801792
54 58 8861573
54 59 916808
54 60 5814431
54 61 6825116
54 62 12128083
54 63 3748653
54 64 2075082
54 65 9615386
54 66 5446422
54 67 5003792
54 68 1597023
54 69 6051415
54 70 2677333
54 71 8392025
54 72 7806235
54 73 9025250
54 74 2406856
54 75 10568120
54 76 5543866
54 77 9421636
54 78 5832184
54 79 9576695
54 80 10120799
54 81 7400845
54 82 2791182
54 83 2346348
54 84 3186372
54 85 4180750
54 86 6532330
54 87 8567784
54 88 10730163
54 89 6423155
54 90 5324104
54 91 3022870
54 92 12067221
54 93 635760
54 94 7631826
54 95 7503503
54 96 1345811
54 97 3518212
54 98 2022750
54 99 3328636
55 56 2655078
55 57 11183600
55 58 7872784
55 59 10452257
55 60 3037857
55 61 4759007
55 62 7540736
55 63 10825483
55 64 6942750
55 65 11019070
55 66 8466682
55 67 2468960
55 68 5366304
55 69 9128119
55 70 12043462
55 71 3342043
55 72 4447864
55 73 4997876
55 74 1789653
55 75 4342544
55 76 92761
55 77 239694
55 78 6207591
55 79 4835466
55 80 7125245
55 81 11226095
55 82 11116463
55 83 9078494
55 84 11780814
55 85 9696571
55 86 3602287
55 87 1839469
55 88 9343085
55 89 1000344
55 90 9748103
55 91 8029467
55 92 11090099
55 93 5716485
55 94 5349921
55 95 1977627
55 96 8934157
55 97 10853217
55 98 5780514
55 99 11327636
56 57 6349599
56 58 10643022
56 59 9450506
56 60 10052726
56 61 29720
56 62 713473
56 63 6822730
56 64 3162938
56 65 2989893
56 66 3772562
56 67 6877675
56 68 5150985
56 69 6561716
56 70 6382935
56 71 9868794
56 72 687135
56 73 3224135
56 74 9169155
56 75 10944810
56 76 5999524
56 77 10037100
56 78 2879312
56 79 11368879
56 80 11217592
56 81 7435501
56 82 805726
56 83 1830262
56 84 6841371
56 85 5379813
56 86 347953
56 87 94360
56 88 3700580
56 89 11628545
56 90 5772651
56 91 11257474
56 92 2240376
56 93 5782071
56 94 10733192
56 95 2679128
56 96 11440506
56 97 7693097
56 98 10979347
56 99 2016944
57 58 3758469
57 59 3923100
57 60 5684000
57 61 11532313
57 62 1883972
57 63 11002538
57 64 7939559
57 65 10113430
57 66 2936878
57 67 7641263
57 68 9872615
57 69 2879921
57 70 1841423
57 71 11232327
57 72 5914577
57 73 2913114
57 74 6330376
57 75 10948596
57 76 5650475
57 77 8983149
57 78 496195
57 79 9944416
57 80 7930362
57 81 334081
57 82 6091573
57 83 9854084
57 84 12206399
57 85 10079658
57 86 10748246
57 87 3117000
57 88 2794327
57 89 977251
57 90 8772185
57 91 7360832
57 92 2413641
57 93 2077191
57 94 1953344
57 95 4751414
57 96 309889
57 97 2813175
57 98 7935868
57 99 6512591
58 59 6122835
58 60 7640621
58 61 6222448
58 62 4545202
58 63 12188697
58 64 820311
58 65 5537
58 66 808535
58 67 9758956
58 68 5884318
58 69 5216343
58 70 7911816
58 71 7792454
58 72 693361
58 73 10637223
58 74 108453
58 75 3417176
58 76 11745016
58 77 11376167
58 78 9984376
58 79 9500493
58 80 8537578
58 81 4359405
58 82 6054803
58 83 3340489
58 84 5173400
58 85 886100
58 86 8742520
58 87 3258315
58 88 10264760
58 89 8853385
58 90 1999049
58 91 3749044
58 92 6791854
58 93 7491367
58 94 1835872
58 95 9389171
58 96 9235754
58 97 8114789
58 98 4683740
58 99 7906552
59 60 626403
59 61 7650737
59 62 8347346
59 63 8677476
59 64 11507939
59 65 2277951
59 66 5626352
59 67 6261500
59 68 3232587
59 69 268813
59 70 5205784
59 71 777067
59 72 6451688
59 73 7171893
59 74 6084499
59 75 2234610
59 76 11549040
59 77 11694236
59 78 1891741
59 79 8591475
59 80 903578
59 81 12032789
59 82 11308790
59 83 8175477
59 84 3489237
59 85 3256701
59 86 5311067
59 87 6589351
59 88 1831344
59 89 8409940
59 90 2504564
59 91 2349368
59 92 7416333
59 93 857672
59 94 7134060
59 95 9220690
59 96 9586799
59 97 7633426
59 98 7368285
59 99 3684168
60 61 11788137
60 62 11742703
60 63 9735918
60 64 11794639
60 65 3434917
60 66 10534083
60 67 2588914
60 68 7207285
60 69 8887745
60 70 1151350
60 71 11853564
60 72 1434952
60 73 856625
60 74 4236601
60 75 576697
60 76 3548832
60 77 2971944
60 78 2639005
60 79 2126274
60 80 5771531
60 81 5538108
60 82 109561
60 83 890820
60 84 32535
60 85 7389988
60 86 7056976
60 87 7785159
60 88 8764357
60 89 8099903
60 90 4735061
60 91 409365
60 92 1516030
60 93 2488237
60 94 7754179
60 95 907953
60 96 1014396
60 97 11999635
60 98 108084
60 99 1751299
61 62 2829199
61 63 7688839
61 64 6886936
61 65 4511070
61 66 11816236
61 67 3057667
61 68 11505815
61 69 4778206
61 70 5193919
61 71 5663779
61 72 6521840
61 73 7492913
61 74 7784457
61 75 7502093
61 76 3931006
61 77 1721431
61 78 4433753
61 79 7037184
61 80 9450183
61 81 1648194
61 82 8431668
61 83 5282693
61 84 2508845
61 85 5592615
61 86 1510797
61 87 9203921
61 88 2403873
61 89 10042888
61 90 1069874
61 91 2210300
61 92 9741496
61 93 9304322
61 94 10916915
61 95 8638191
61 96 11886097
61 97 1389129
61 98 4246518
61 99 287808
62 63 4082935
62 64 110810
62 65 2383799
62 66 7693555
62 67 883843
62 68 8454516
62 69 6867323
62 70 2676943
62 71 692919
62 72 4980610
62 73 4699145
62 74 1407065
62 75 6139591
62 76 11632572
62 77 11288247
62 78 10809409
62 79 6725519
62 80 7135426
62 81 9003056
62 82 1503833
62 83 9578164
62 84 10456988
62 85 6801512
62 86 11378955
62 87 2038681
62 88 338202
62 89 9031227
62 90 7982410
62 91 7564242
62 92 2200193
62 93 2709746
62 94 2407233
62 95 127635
62 96 6144274
62 97 1638889
62 98 11260810
62 99 9878198
63 64 8754141
63 65 12161962
63 66 6022870
63 67 2028477
63 68 9892649
63 69 9022490
63 70 5465705
63 71 8645657
63 72 6509211
63 73 11878542
63 74 5251207
63 75 7854
63 76 5783474
63 77 11457767
63 78 4477409
63 79 5468804
63 80 4933985
63 81 9707540
63 82 6008494
63 83 8569989
63 84 1990064
63 85 9045744
63 86 7571833
63 87 2596360
63 88 10502333
63 89 1727574
63 90 4221309
63 91 11991232
63 92 9077742
63 93 976995
63 94 2325131
63 95 10692750
63 96 5447689
63 97 3984127
63 98 3012757
63 99 4404163
64 65 3936055
64 66 12234891
64 67 7859155
64 68 8663102
64 69 2864537
64 70 3742414
64 71 10884813
64 72 5340001
64 73 6261068
64 74 1092126
64 75 8307093
64 76 7364636
64 77 9056113
64 78 8979341
64 79 8353880
64 80 7828051
64 81 1658658
64 82 10132558
64 83 4005441
64 84 2381047
64 85 7765295
64 86 9323901
64 87 1851183
64 88 7457458
64 89 1048556
64 90 3897364
64 91 8412274
64 92 11829131
64 93 5471039
64 94 8174050
64 95 3988550
64 96 8976918
64 97 1289029
64 98 8776280
64 99 3059696
65 66 5929853
65 67 8411128
65 68 3935471
65 69 4195103
65 70 9393012
65 71 3011362
65 72 7900273
65 73 4589146
65 74 3534809
65 75 11363144
65 76 10951700
65 77 5751027
65 78 10388114
65 79 11404717
65 80 766599
65 81 8707546
65 82 1417403
65 83 12116384
65 84 1002528
65 85 4427275
65 86 2285790
65 87 837164
65 88 2149125
65 89 3316914
65 90 6221426
65 91 2233062
65 92 912884
65 93 6994780
65 94 1096727
65 95 9100567
65 96 5927767
65 97 10799655
65 98 5822640
65 99 6117078
66 67 1587978
66 68 7858354
66 69 641056
66 70 7419849
66 71 505600
66 72 6293839
66 73 11990088
66 74 4359998
66 75 3005326
66 76 10996695
66 77 8093940
66 78 8404334
66 79 12153751
66 80 684097
66 81 10801956
66 82 11836620
66 83 3384862
66 84 6147638
66 85 7133599
66 86 5628866
66 87 1673974
66 88 11578218
66 89 6902195
66 90 2609626
66 91 2124747
66 92 12221338
66 93 1898694
66 94 5719900
66 95 7226467
66 96 4306529
66 97 7434443
66 98 8924788
66 99 8769067
67 68 4967532
67 69 6078454
67 70 7283520
67 71 11002079
67 72 3987949
67 73 8810427
67 74 2789182
67 75 11985404
67 76 10048024
67 77 9358011
67 78 8900600
67 79 5552254
67 80 8168613
67 81 10347558
67 82 5672036
67 83 2681769
67 84 8261305
67 85 10670071
67 86 2683369
67 87 1212383
67 88 12244981
67 89 11932057
67 90 2059428
67 91 6177044
67 92 5634467
67 93 9458346
67 94 12055698
67 95 9399579
67 96 4775897
67 97 11813510
67 98 4579586
67 99 9020357
68 69 9187463
68 70 11475921
68 71 4875945
68 72 10962248
68 73 2887764
68 74 5893457
68 75 11568169
68 76 3368370
68 77 5680175
68 78 11283300
68 79 10149333
68 80 731287
68 81 9911567
68 82 5900855
68 83 5124663
68 84 10010809
68 85 11728688
68 86 5931975
68 87 4642802
68 88 10169306
68 89 4665244
68 90 5537105
68 91 9087793
68 92 1526322
68 93 10168480
68 94 1661693
68 95 10696815
68 96 7251902
68 97 7653891
68 98 1052996
68 99 5346631
69 70 7448663
69 71 3979766
69 72 7377977
69 73 9812655
69 74 6402563
69 75 8824570
69 76 6987744
69 77 1935447
69 78 8349807
69 79 6706507
69 80 2205349
69 81 2983303
69 82 1051905
69 83 10719128
69 84 1719580
69 85 10295080
69 86 10801755
69 87 7982162
69 88 2852914
69 89 5158537
69 90 10804107
69 91 3212350
69 92 2594521
69 93 9234717
69 94 3160887
69 95 3955453
69 96 10440690
69 97 4998413
69 98 11165444
69 99 11872610
70 71 8351743
70 72 3273653
70 73 10071246
70 74 10585893
70 75 10184194
70 76 10900109
70 77 7831363
70 78 7598998
70 79 5097926
70 80 8506988
70 81 5657210
70 82 9173527
70 83 3121486
70 84 3127326
70 85 5814167
70 86 3670967
70 87 3367083
70 88 10687267
70 89 7635818
70 90 8239216
70 91 3769142
70 92 9304373
70 93 6311135
70 94 3981579
70 95 12101272
70 96 3715573
70 97 9887596
70 98 10887343
70 99 8746656
71 72 10872804
71 73 10093632
71 74 2833262
71 75 6311460
71 76 6386086
71 77 2067035
71 78 1683914
71 79 681234
71 80 4768551
71 81 5600311
71 82 6714560
71 83 4773276
71 84 7133933
71 85 3456028
71 86 5526023
71 87 8282081
71 88 2378612
71 89 10712941
71 90 7614627
71 91 535328
71 92 10528728
71 93 9339035
71 94 9767193
71 95 1474309
71 96 6319428
71 97 2804252
71 98 11573325
71 99 519725
72 73 1411183
72 74 7364650
72 75 10062959
72 76 6297392
72 77 395586
72 78 12092156
72 79 8982697
72 80 7031743
72 81 6195339
72 82 4192774
72 83 46707
72 84 10050505
72 85 295269
72 86 10598642
72 87 5965471
72 88 126575
72 89 2809927
72 90 4245152
72 91 9001874
72 92 6555151
72 93 7664448
72 94 9317136
72 95 4726234
72 96 6931661
72 97 3950648
72 98 2185029
72 99 2400765
73 74 10156718
73 75 11974317
73 76 7458005
73 77 11819007
73 78 6278875
73 79 8539720
73 80 6350618
73 81 8031971
73 82 7322516
73 83 4631669
73 84 9133173
73 85 2486233
73 86 11798520
73 87 10332611
73 88 5901887
73 89 288777
73 90 10333836
73 91 875316
73 92 6975194
73 93 11078401
73 94 2269825
73 95 10649145
73 96 3596339
73 97 3150177
73 98 7094562
73 99 7888256
74 75 5434179
74 76 2051439
74 77 3494035
74 78 6115061
74 79 3015
74 80 5693307
74 81 8916406
74 82 1441421
74 83 7586874
74 84 6775551
74 85 8120969
74 86 11698000
74 87 3525336
74 88 49402
74 89 188996
74 90 7267264
74 91 6012395
74 92 6719117
74 93 12187296
74 94 11313016
74 95 5179294
74 96 4269051
74 97 11141585
74 98 10627777
74 99 4620873
75 76 7496153
75 77 924956
75 78 9400072
75 79 2285826
75 80 7680568
75 81 9751073
75 82 8589549
75 83 8771228
75 84 10774239
75 85 6731077
75 86 928984
75 87 11334346
75 88 6170348
75 89 5009081
75 90 8357179
75 91 7882384
75 92 4914519
75 93 1814427
75 94 11763244
75 95 3014948
75 96 9947376
75 97 11303394
75 98 3054932
75 99 2722796
76 77 12059727
76 78 315525
76 79 2003547
76 80 1226594
76 81 8369169
76 82 9898890
76 83 9570129
76 84 9109357
76 85 8550559
76 86 11992895
76 87 5537161
76 88 1855347
76 89 203561
76 90 7418532
76 91 5152970
76 92 7680082
76 93 2940037
76 94 2239985
76 95 7771713
76 96 1524855
76 97 4399863
76 98 6537198
76 99 4775356
77 78 3501649
77 79 8945953
77 80 8286862
77 81 3898190
77 82 11355410
77 83 3551102
77 84 5223509
77 85 9598570
77 86 11781285
77 87 5223150
77 88 5917950
77 89 5477708
77 90 3342455
77 91 5875998
77 92 6597130
77 93 11387706
77 94 5387791
77 95 4666649
77 96 3092343
77 97 9837633
77 98 4685182
77 99 4829464
78 79 7949132
78 80 4901603
78 81 1454226
78 82 2919049
78 83 10456973
78 84 3459288
78 85 3815072
78 86 10726156
78 87 2765802
78 88 9234114
78 89 11131793
78 90 2148489
78 91 1664504
78 92 2679709
78 93 3171409
78 94 9951307
78 95 10662637
78 96 6715366
78 97 4446350
78 98 8433639
78 99 4240022
79 80 11645805
79 81 642297
79 82 1342305
79 83 7712392
79 84 3449075
79 85 11819516
79 86 996127
79 87 10318770
79 88 8323557
79 89 11050422
79 90 10647389
79 91 6502975
79 92 11750721
79 93 4458246
79 94 9121798
79 95 5050507
79 96 9764607
79 97 1027437
79 98 2428343
79 99 11858704
80 81 7398840
80 82 9082013
80 83 8609640
80 84 2872630
80 85 9497860
80 86 6972814
80 87 4211114
80 88 2972131
80 89 9276520
80 90 11222047
80 91 5642117
80 92 9306033
80 93 4880361
80 94 5168103
80 95 9518010
80 96 9360700
80 97 9485913
80 98 2718204
80 99 7316400
81 82 2987445
81 83 8915294
81 84 8624875
81 85 114126
81 86 7288412
81 87 3717519
81 88 375586
81 89 4794007
81 90 6489525
81 91 4870917
81 92 1309356
81 93 7036839
81 94 5398524
81 95 1626608
81 96 2452199
81 97 4824805
81 98 6287626
81 99 1186068
82 83 6160556
82 84 10529034
82 85 6215784
82 86 12073842
82 87 12086166
82 88 10051714
82 89 1058315
82 90 10579584
82 91 7681342
82 92 524434
82 93 11005710
82 94 11117735
82 95 6724945
82 96 11080179
82 97 4020725
82 98 9767816
82 99 288936
83 84 2048975
83 85 9507817
83 86 10026999
83 87 4067679
83 88 11034733
83 89 5708673
83 90 1600624
83 91 6872595
83 92 10454408
83 93 10780321
83 94 1846845
83 95 1723835
83 96 9731889
83 97 7739382
83 98 7387663
83 99 9532422
84 85 10509193
84 86 11040353
84 87 1580122
84 88 7629828
84 89 9516252
84 90 8842323
84 91 6795035
84 92 8811405
84 93 713091
84 94 4350191
84 95 11358998
84 96 9918758
84 97 791602
84 98 10703806
84 99 10813993
85 86 4709377
85 87 767710
85 88 4369910
85 89 931163
85 90 7833594
85 91 8934643
85 92 10996066
85 93 1457229
85 94 667367
85 95 5584277
85 96 5332256
85 97 9735783
85 98 6876206
85 99 513835
86 87 5297949
86 88 7146028
86 89 3535190
86 90 425788
86 91 1549744
86 92 9973773
86 93 8692426
86 94 3744820
86 95 12000073
86 96 469307
86 97 2797788
86 98 829393
86 99 218834
87 88 7314797
87 89 3031282
87 90 10486333
87 91 6451458
87 92 11662691
87 93 3700995
87 94 734846
87 95 8898437
87 96 9209640
87 97 11466716
87 98 1250772
87 99 7962745
88 89 6227644
88 90 2488522
88 91 8826755
88 92 6350364
88 93 12095719
88 94 8890628
88 95 7440745
88 96 7527950
88 97 9980452
88 98 8857391
88 99 11690872
89 90 652116
89 91 7627688
89 92 4890310
89 93 834722
89 94 9528588
89 95 631950
89 96 5217191
89 97 3707881
89 98 702427
89 99 9158079
90 91 10738077
90 92 1133303
90 93 6453080
90 94 9539059
90 95 9580623
90 96 6658767
90 97 8627178
90 98 6542900
90 99 6311014
91 92 148448
91 93 2228129
91 94 4070877
91 95 6758387
91 96 1789190
91 97 11192427
91 98 5166830
91 99 10309102
92 93 346551
92 94 9006920
92 95 6132593
92 96 8711757
92 97 11040744
92 98 1726318
92 99 9149197
93 94 708773
93 95 7642328
93 96 6503948
93 97 9487360
93 98 5807106
93 99 10139869
94 95 8073242
94 96 7129051
94 97 10525267
94 98 7678587
94 99 2379602
95 96 1556619
95 97 569253
95 98 9253266
95 99 9716253
96 97 11022875
96 98 3422875
96 99 1832262
97 98 2387955
97 99 4975218
98 99 4251190
